
1 6 7 9 18 
1 6 7 9 19 
1 6 7 9 20 
1 6 7 9 21 
1 6 7 9 22 
1 6 7 9 23 
1 6 7 9 24 
1 6 7 9 25 
1 6 7 9 26 
1 6 7 9 27 
1 6 7 9 28 
1 6 7 9 29 
1 6 7 9 30 
1 6 7 9 31 
1 6 7 9 33 
1 6 7 9 36 
1 6 7 9 37 
1 6 7 9 38 
1 6 7 9 39 
1 6 7 9 41 
1 6 7 9 45 
1 6 7 9 52 
1 6 7 9 53 
1 6 7 9 54 
1 6 7 9 55 
1 6 7 9 57 
1 6 7 9 61 
1 6 7 9 65 
1 6 7 9 66 
1 6 7 9 67 
1 6 7 9 70 
1 6 7 9 71 
1 6 7 9 73 
1 6 7 9 75 
1 6 7 9 82 
1 6 7 9 83 
1 6 7 9 86 
1 6 7 9 87 
1 6 7 9 89 
1 6 7 9 91 
1 6 7 9 97 
1 6 7 9 99 
1 6 7 9 101 
1 6 7 9 103 
1 6 7 9 104 
1 6 7 9 105 
1 6 7 9 106 
1 6 7 9 107 
1 6 7 9 108 
1 6 7 9 109 
1 6 7 9 110 
1 6 7 9 111 
1 6 7 9 120 
1 6 7 9 121 
1 6 7 9 122 
1 6 7 9 123 
1 6 7 9 124 
1 6 7 9 125 
1 6 7 9 126 
1 6 7 9 127 
1 6 7 9 129 
1 6 7 9 134 
1 6 7 9 135 
1 6 7 9 137 
1 6 7 9 146 
1 6 7 9 147 
1 6 7 9 148 
1 6 7 9 149 
1 6 7 9 150 
1 6 7 9 151 
1 6 7 9 154 
1 6 7 9 155 
1 6 7 9 156 
1 6 7 9 157 
1 6 7 9 158 
1 6 7 9 159 
1 6 7 9 161 
1 6 7 9 166 
1 6 7 9 167 
1 6 7 9 169 
1 6 7 9 180 
1 6 7 9 181 
1 6 7 9 182 
1 6 7 9 183 
1 6 7 9 189 
1 6 7 9 193 
1 6 7 9 198 
1 6 7 9 199 
1 6 7 9 201 
1 6 7 9 210 
1 6 7 9 211 
1 6 7 9 214 
1 6 7 9 215 
1 6 7 9 219 
1 6 7 9 225 
1 6 7 9 231 
1 6 7 9 233 
1 6 7 9 258 
1 6 7 9 259 
1 6 7 9 260 
1 6 7 9 261 
1 6 7 9 262 
1 6 7 9 263 
1 6 7 9 264 
1 6 7 9 265 
1 6 7 9 266 
1 6 7 9 267 
1 6 7 9 268 
1 6 7 9 269 
1 6 7 9 270 
1 6 7 9 271 
1 6 7 9 272 
1 6 7 9 273 
1 6 7 9 274 
1 6 7 9 275 
1 6 7 9 276 
1 6 7 9 277 
1 6 7 9 278 
1 6 7 9 279 
1 6 7 9 280 
1 6 7 9 281 
1 6 7 9 282 
1 6 7 9 283 
1 6 7 9 284 
1 6 7 9 285 
1 6 7 9 286 
1 6 7 9 287 
1 6 7 9 288 
1 6 7 9 289 
1 6 7 9 290 
1 6 7 9 291 
1 6 7 9 292 
1 6 7 9 293 
1 6 7 9 294 
1 6 7 9 295 
1 6 7 9 296 
1 6 7 9 297 
1 6 7 9 298 
1 6 7 9 299 
1 6 7 9 300 
1 6 7 9 301 
1 6 7 9 302 
1 6 7 9 303 
1 6 7 9 304 
1 6 7 9 305 
1 6 7 9 306 
1 6 7 9 307 
1 6 7 9 308 
1 6 7 9 309 
1 6 7 9 310 
1 6 7 9 311 
1 6 7 9 312 
1 6 7 9 313 
1 6 7 9 314 
1 6 7 9 315 
1 6 7 9 316 
1 6 7 9 317 
1 6 7 9 318 
1 6 7 9 319 
1 6 7 9 320 
1 6 7 9 321 
1 6 7 9 322 
1 6 7 9 323 
1 6 7 9 324 
1 6 7 9 325 
1 6 7 9 326 
1 6 7 9 327 
1 6 7 9 328 
1 6 7 9 329 
1 6 7 9 330 
1 6 7 9 331 
1 6 7 9 332 
1 6 7 9 333 
1 6 7 9 334 
1 6 7 9 335 
1 6 7 9 336 
1 6 7 9 337 
1 6 7 9 338 
1 6 7 9 339 
1 6 7 9 340 
1 6 7 9 341 
1 6 7 9 342 
1 6 7 9 343 
1 6 7 9 344 
1 6 7 9 345 
1 6 7 9 346 
1 6 7 9 347 
1 6 7 9 348 
1 6 7 9 349 
1 6 7 9 350 
1 6 7 9 351 
1 6 7 9 352 
1 6 7 9 353 
1 6 7 9 354 
1 6 7 9 355 
1 6 7 9 356 
1 6 7 9 357 
1 6 7 9 358 
1 6 7 9 359 
1 6 7 9 360 
1 6 7 9 361 
1 6 7 9 362 
1 6 7 9 363 
1 6 7 9 364 
1 6 7 9 365 
1 6 7 9 366 
1 6 7 9 367 
1 6 7 9 368 
1 6 7 9 369 
1 6 7 9 370 
1 6 7 9 371 
1 6 7 9 372 
1 6 7 9 373 
1 6 7 9 374 
1 6 7 9 375 
1 6 7 9 376 
1 6 7 9 377 
1 6 7 9 378 
1 6 7 9 379 
1 6 7 9 380 
1 6 7 9 381 
1 6 7 9 382 
1 6 7 9 383 
1 6 7 9 384 
1 6 7 9 385 
1 6 7 9 386 
1 6 7 9 387 
1 6 7 9 388 
1 6 7 9 389 
1 6 7 9 390 
1 6 7 9 391 
1 6 7 9 392 
1 6 7 9 393 
1 6 7 9 394 
1 6 7 9 395 
1 6 7 9 396 
1 6 7 9 397 
1 6 7 9 398 
1 6 7 9 399 
1 6 7 9 400 
1 6 7 9 401 
1 6 7 9 402 
1 6 7 9 403 
1 6 7 9 404 
1 6 7 9 405 
1 6 7 9 406 
1 6 7 9 407 
1 6 7 9 408 
1 6 7 9 409 
1 6 7 9 410 
1 6 7 9 411 
1 6 7 9 412 
1 6 7 9 413 
1 6 7 9 414 
1 6 7 9 415 
1 6 7 9 416 
1 6 7 9 417 
1 6 7 9 418 
1 6 7 9 419 
1 6 7 9 420 
1 6 7 9 421 
1 6 7 9 422 
1 6 7 9 423 
1 6 7 9 424 
1 6 7 9 425 
1 6 7 9 426 
1 6 7 9 427 
1 6 7 9 428 
1 6 7 9 429 
1 6 7 9 430 
1 6 7 9 431 
1 6 7 9 432 
1 6 7 9 433 
1 6 7 9 434 
1 6 7 9 435 
1 6 7 9 436 
1 6 7 9 437 
1 6 7 9 438 
1 6 7 9 439 
1 6 7 9 440 
1 6 7 9 441 
1 6 7 9 442 
1 6 7 9 443 
1 6 7 9 444 
1 6 7 9 445 
1 6 7 9 446 
1 6 7 9 447 
1 6 7 9 448 
1 6 7 9 449 
1 6 7 9 450 
1 6 7 9 451 
1 6 7 9 452 
1 6 7 9 453 
1 6 7 9 454 
1 6 7 9 455 
1 6 7 9 456 
1 6 7 9 457 
1 6 7 9 458 
1 6 7 9 459 
1 6 7 9 460 
1 6 7 9 461 
1 6 7 9 462 
1 6 7 9 463 
1 6 7 9 464 
1 6 7 9 465 
1 6 7 9 466 
1 6 7 9 467 
1 6 7 9 468 
1 6 7 9 469 
1 6 7 9 470 
1 6 7 9 471 
1 6 7 9 472 
1 6 7 9 473 
1 6 7 9 474 
1 6 7 9 475 
1 6 7 9 476 
1 6 7 9 477 
1 6 7 9 478 
1 6 7 9 479 
1 6 7 9 480 
1 6 7 9 481 
1 6 7 9 482 
1 6 7 9 483 
1 6 7 9 484 
1 6 7 9 485 
1 6 7 9 486 
1 6 7 9 487 
1 6 7 9 488 
1 6 7 9 489 
1 6 7 9 490 
1 6 7 9 491 
1 6 7 9 492 
1 6 7 9 493 
1 6 7 9 494 
1 6 7 9 495 
1 6 7 9 496 
1 6 7 9 497 
1 6 7 9 498 
1 6 7 9 499 
1 6 7 9 500 
1 6 7 9 501 
1 6 7 9 502 
1 6 7 9 503 
1 6 7 9 504 
1 6 7 9 505 
1 6 7 9 506 
1 6 7 9 507 
1 6 7 9 508 
1 6 7 9 509 
1 6 7 9 510 
1 6 7 9 511 
1 6 7 9 513 
1 6 7 9 516 
1 6 7 9 517 
1 6 7 9 518 
1 6 7 9 519 
1 6 7 9 521 
1 6 7 9 525 
1 6 7 9 528 
1 6 7 9 529 
1 6 7 9 530 
1 6 7 9 531 
1 6 7 9 532 
1 6 7 9 533 
1 6 7 9 534 
1 6 7 9 535 
1 6 7 9 536 
1 6 7 9 537 
1 6 7 9 538 
1 6 7 9 539 
1 6 7 9 540 
1 6 7 9 541 
1 6 7 9 542 
1 6 7 9 543 
1 6 7 9 545 
1 6 7 9 548 
1 6 7 9 549 
1 6 7 9 550 
1 6 7 9 551 
1 6 7 9 553 
1 6 7 9 557 
1 6 7 9 561 
1 6 7 9 564 
1 6 7 9 565 
1 6 7 9 566 
1 6 7 9 567 
1 6 7 9 569 
1 6 7 9 573 
1 6 7 9 576 
1 6 7 9 577 
1 6 7 9 578 
1 6 7 9 579 
1 6 7 9 580 
1 6 7 9 581 
1 6 7 9 582 
1 6 7 9 583 
1 6 7 9 584 
1 6 7 9 585 
1 6 7 9 586 
1 6 7 9 587 
1 6 7 9 588 
1 6 7 9 589 
1 6 7 9 590 
1 6 7 9 591 
1 6 7 9 592 
1 6 7 9 593 
1 6 7 9 594 
1 6 7 9 595 
1 6 7 9 596 
1 6 7 9 597 
1 6 7 9 598 
1 6 7 9 599 
1 6 7 9 600 
1 6 7 9 601 
1 6 7 9 602 
1 6 7 9 603 
1 6 7 9 604 
1 6 7 9 605 
1 6 7 9 606 
1 6 7 9 607 
1 6 7 9 608 
1 6 7 9 609 
1 6 7 9 610 
1 6 7 9 611 
1 6 7 9 612 
1 6 7 9 613 
1 6 7 9 614 
1 6 7 9 615 
1 6 7 9 616 
1 6 7 9 617 
1 6 7 9 618 
1 6 7 9 619 
1 6 7 9 620 
1 6 7 9 621 
1 6 7 9 622 
1 6 7 9 623 
1 6 7 9 624 
1 6 7 9 625 
1 6 7 9 626 
1 6 7 9 627 
1 6 7 9 628 
1 6 7 9 629 
1 6 7 9 630 
1 6 7 9 631 
1 6 7 9 632 
1 6 7 9 633 
1 6 7 9 634 
1 6 7 9 635 
1 6 7 9 636 
1 6 7 9 637 
1 6 7 9 638 
1 6 7 9 639 
1 6 7 9 641 
1 6 7 9 644 
1 6 7 9 645 
1 6 7 9 646 
1 6 7 9 647 
1 6 7 9 649 
1 6 7 9 653 
1 6 7 9 656 
1 6 7 9 657 
1 6 7 9 658 
1 6 7 9 659 
1 6 7 9 660 
1 6 7 9 661 
1 6 7 9 662 
1 6 7 9 663 
1 6 7 9 664 
1 6 7 9 665 
1 6 7 9 666 
1 6 7 9 667 
1 6 7 9 668 
1 6 7 9 669 
1 6 7 9 670 
1 6 7 9 671 
1 6 7 9 673 
1 6 7 9 676 
1 6 7 9 677 
1 6 7 9 678 
1 6 7 9 679 
1 6 7 9 681 
1 6 7 9 685 
1 6 7 9 689 
1 6 7 9 692 
1 6 7 9 693 
1 6 7 9 694 
1 6 7 9 695 
1 6 7 9 697 
1 6 7 9 701 
1 6 7 9 705 
1 6 7 9 708 
1 6 7 9 709 
1 6 7 9 710 
1 6 7 9 711 
1 6 7 9 713 
1 6 7 9 717 
1 6 7 9 720 
1 6 7 9 721 
1 6 7 9 722 
1 6 7 9 723 
1 6 7 9 724 
1 6 7 9 725 
1 6 7 9 726 
1 6 7 9 727 
1 6 7 9 728 
1 6 7 9 729 
1 6 7 9 730 
1 6 7 9 731 
1 6 7 9 732 
1 6 7 9 733 
1 6 7 9 734 
1 6 7 9 735 
1 6 7 9 737 
1 6 7 9 740 
1 6 7 9 741 
1 6 7 9 742 
1 6 7 9 743 
1 6 7 9 745 
1 6 7 9 749 
1 6 7 9 753 
1 6 7 9 756 
1 6 7 9 757 
1 6 7 9 758 
1 6 7 9 759 
1 6 7 9 761 
1 6 7 9 765 
1 6 7 9 772 
1 6 7 9 773 
1 6 7 9 774 
1 6 7 9 775 
1 6 7 9 777 
1 6 7 9 781 
1 6 7 9 784 
1 6 7 9 785 
1 6 7 9 786 
1 6 7 9 787 
1 6 7 9 788 
1 6 7 9 789 
1 6 7 9 790 
1 6 7 9 791 
1 6 7 9 792 
1 6 7 9 793 
1 6 7 9 794 
1 6 7 9 795 
1 6 7 9 796 
1 6 7 9 797 
1 6 7 9 798 
1 6 7 9 799 
1 6 7 9 801 
1 6 7 9 804 
1 6 7 9 805 
1 6 7 9 806 
1 6 7 9 807 
1 6 7 9 809 
1 6 7 9 813 
1 6 7 9 817 
1 6 7 9 820 
1 6 7 9 821 
1 6 7 9 822 
1 6 7 9 823 
1 6 7 9 825 
1 6 7 9 829 
1 6 7 9 832 
1 6 7 9 833 
1 6 7 9 834 
1 6 7 9 835 
1 6 7 9 836 
1 6 7 9 837 
1 6 7 9 838 
1 6 7 9 839 
1 6 7 9 840 
1 6 7 9 841 
1 6 7 9 842 
1 6 7 9 843 
1 6 7 9 844 
1 6 7 9 845 
1 6 7 9 846 
1 6 7 9 847 
1 6 7 9 848 
1 6 7 9 849 
1 6 7 9 850 
1 6 7 9 851 
1 6 7 9 852 
1 6 7 9 853 
1 6 7 9 854 
1 6 7 9 855 
1 6 7 9 856 
1 6 7 9 857 
1 6 7 9 858 
1 6 7 9 859 
1 6 7 9 860 
1 6 7 9 861 
1 6 7 9 862 
1 6 7 9 863 
1 6 7 9 864 
1 6 7 9 865 
1 6 7 9 866 
1 6 7 9 867 
1 6 7 9 868 
1 6 7 9 869 
1 6 7 9 870 
1 6 7 9 871 
1 6 7 9 872 
1 6 7 9 873 
1 6 7 9 874 
1 6 7 9 875 
1 6 7 9 876 
1 6 7 9 877 
1 6 7 9 878 
1 6 7 9 879 
1 6 7 9 880 
1 6 7 9 881 
1 6 7 9 882 
1 6 7 9 883 
1 6 7 9 884 
1 6 7 9 885 
1 6 7 9 886 
1 6 7 9 887 
1 6 7 9 888 
1 6 7 9 889 
1 6 7 9 890 
1 6 7 9 891 
1 6 7 9 892 
1 6 7 9 893 
1 6 7 9 894 
1 6 7 9 895 
1 6 7 9 897 
1 6 7 9 900 
1 6 7 9 901 
1 6 7 9 902 
1 6 7 9 903 
1 6 7 9 905 
1 6 7 9 909 
1 6 7 9 912 
1 6 7 9 913 
1 6 7 9 914 
1 6 7 9 915 
1 6 7 9 916 
1 6 7 9 917 
1 6 7 9 918 
1 6 7 9 919 
1 6 7 9 920 
1 6 7 9 921 
1 6 7 9 922 
1 6 7 9 923 
1 6 7 9 924 
1 6 7 9 925 
1 6 7 9 926 
1 6 7 9 927 
1 6 7 9 929 
1 6 7 9 932 
1 6 7 9 933 
1 6 7 9 934 
1 6 7 9 935 
1 6 7 9 937 
1 6 7 9 941 
1 6 7 9 945 
1 6 7 9 948 
1 6 7 9 949 
1 6 7 9 950 
1 6 7 9 951 
1 6 7 9 953 
1 6 7 9 957 
1 6 7 9 961 
1 6 7 9 964 
1 6 7 9 965 
1 6 7 9 966 
1 6 7 9 967 
1 6 7 9 969 
1 6 7 9 973 
1 6 7 9 976 
1 6 7 9 977 
1 6 7 9 978 
1 6 7 9 979 
1 6 7 9 980 
1 6 7 9 981 
1 6 7 9 982 
1 6 7 9 983 
1 6 7 9 984 
1 6 7 9 985 
1 6 7 9 986 
1 6 7 9 987 
1 6 7 9 988 
1 6 7 9 989 
1 6 7 9 990 
1 6 7 9 991 
1 6 7 9 993 
1 6 7 9 996 
1 6 7 9 997 
1 6 7 9 998 
1 6 7 9 999 
1 6 7 9 1001 
1 6 7 9 1005 
1 6 7 9 1009 
1 6 7 9 1012 
1 6 7 9 1013 
1 6 7 9 1014 
1 6 7 9 1015 
1 6 7 9 1017 
1 6 7 9 1021 
1 6 7 9 1025 
1 6 7 9 1026 
1 6 7 9 1027 
1 6 7 9 1030 
1 6 7 9 1031 
1 6 7 9 1033 
1 6 7 9 1035 
1 6 7 9 1040 
1 6 7 9 1041 
1 6 7 9 1042 
1 6 7 9 1043 
1 6 7 9 1044 
1 6 7 9 1045 
1 6 7 9 1046 
1 6 7 9 1047 
1 6 7 9 1048 
1 6 7 9 1049 
1 6 7 9 1050 
1 6 7 9 1051 
1 6 7 9 1052 
1 6 7 9 1053 
1 6 7 9 1054 
1 6 7 9 1055 
1 6 7 9 1056 
1 6 7 9 1057 
1 6 7 9 1058 
1 6 7 9 1059 
1 6 7 9 1060 
1 6 7 9 1061 
1 6 7 9 1062 
1 6 7 9 1063 
1 6 7 9 1064 
1 6 7 9 1065 
1 6 7 9 1066 
1 6 7 9 1067 
1 6 7 9 1068 
1 6 7 9 1069 
1 6 7 9 1070 
1 6 7 9 1071 
1 6 7 9 1072 
1 6 7 9 1073 
1 6 7 9 1074 
1 6 7 9 1075 
1 6 7 9 1076 
1 6 7 9 1077 
1 6 7 9 1078 
1 6 7 9 1079 
1 6 7 9 1080 
1 6 7 9 1081 
1 6 7 9 1082 
1 6 7 9 1083 
1 6 7 9 1084 
1 6 7 9 1085 
1 6 7 9 1086 
1 6 7 9 1087 
1 6 7 9 1089 
1 6 7 9 1090 
1 6 7 9 1091 
1 6 7 9 1094 
1 6 7 9 1095 
1 6 7 9 1097 
1 6 7 9 1099 
1 6 7 9 1105 
1 6 7 9 1106 
1 6 7 9 1107 
1 6 7 9 1110 
1 6 7 9 1111 
1 6 7 9 1113 
1 6 7 9 1115 
1 6 7 9 1120 
1 6 7 9 1121 
1 6 7 9 1122 
1 6 7 9 1123 
1 6 7 9 1124 
1 6 7 9 1125 
1 6 7 9 1126 
1 6 7 9 1127 
1 6 7 9 1128 
1 6 7 9 1129 
1 6 7 9 1130 
1 6 7 9 1131 
1 6 7 9 1132 
1 6 7 9 1133 
1 6 7 9 1134 
1 6 7 9 1135 
1 6 7 9 1136 
1 6 7 9 1137 
1 6 7 9 1138 
1 6 7 9 1139 
1 6 7 9 1140 
1 6 7 9 1141 
1 6 7 9 1142 
1 6 7 9 1143 
1 6 7 9 1144 
1 6 7 9 1145 
1 6 7 9 1146 
1 6 7 9 1147 
1 6 7 9 1148 
1 6 7 9 1149 
1 6 7 9 1150 
1 6 7 9 1151 
1 6 7 9 1153 
1 6 7 9 1154 
1 6 7 9 1155 
1 6 7 9 1158 
1 6 7 9 1159 
1 6 7 9 1161 
1 6 7 9 1163 
1 6 7 9 1168 
1 6 7 9 1169 
1 6 7 9 1170 
1 6 7 9 1171 
1 6 7 9 1172 
1 6 7 9 1173 
1 6 7 9 1174 
1 6 7 9 1175 
1 6 7 9 1176 
1 6 7 9 1177 
1 6 7 9 1178 
1 6 7 9 1179 
1 6 7 9 1180 
1 6 7 9 1181 
1 6 7 9 1182 
1 6 7 9 1183 
1 6 7 9 1185 
1 6 7 9 1186 
1 6 7 9 1187 
1 6 7 9 1190 
1 6 7 9 1191 
1 6 7 9 1193 
1 6 7 9 1195 
1 6 7 9 1200 
1 6 7 9 1201 
1 6 7 9 1202 
1 6 7 9 1203 
1 6 7 9 1204 
1 6 7 9 1205 
1 6 7 9 1206 
1 6 7 9 1207 
1 6 7 9 1208 
1 6 7 9 1209 
1 6 7 9 1210 
1 6 7 9 1211 
1 6 7 9 1212 
1 6 7 9 1213 
1 6 7 9 1214 
1 6 7 9 1215 
1 6 7 9 1217 
1 6 7 9 1218 
1 6 7 9 1219 
1 6 7 9 1222 
1 6 7 9 1223 
1 6 7 9 1225 
1 6 7 9 1227 
1 6 7 9 1233 
1 6 7 9 1234 
1 6 7 9 1235 
1 6 7 9 1238 
1 6 7 9 1239 
1 6 7 9 1241 
1 6 7 9 1243 
1 6 7 9 1249 
1 6 7 9 1250 
1 6 7 9 1251 
1 6 7 9 1254 
1 6 7 9 1255 
1 6 7 9 1257 
1 6 7 9 1259 
1 6 7 9 1265 
1 6 7 9 1266 
1 6 7 9 1267 
1 6 7 9 1270 
1 6 7 9 1271 
1 6 7 9 1273 
1 6 7 9 1275 
1 6 7 9 1282 
1 6 7 9 1283 
1 6 7 9 1286 
1 6 7 9 1287 
1 6 7 9 1289 
1 6 7 9 1291 
1 6 7 9 1296 
1 6 7 9 1297 
1 6 7 9 1298 
1 6 7 9 1299 
1 6 7 9 1300 
1 6 7 9 1301 
1 6 7 9 1302 
1 6 7 9 1303 
1 6 7 9 1304 
1 6 7 9 1305 
1 6 7 9 1306 
1 6 7 9 1307 
1 6 7 9 1308 
1 6 7 9 1309 
1 6 7 9 1310 
1 6 7 9 1311 
1 6 7 9 1312 
1 6 7 9 1313 
1 6 7 9 1314 
1 6 7 9 1315 
1 6 7 9 1316 
1 6 7 9 1317 
1 6 7 9 1318 
1 6 7 9 1319 
1 6 7 9 1320 
1 6 7 9 1321 
1 6 7 9 1322 
1 6 7 9 1323 
1 6 7 9 1324 
1 6 7 9 1325 
1 6 7 9 1326 
1 6 7 9 1327 
1 6 7 9 1328 
1 6 7 9 1329 
1 6 7 9 1330 
1 6 7 9 1331 
1 6 7 9 1332 
1 6 7 9 1333 
1 6 7 9 1334 
1 6 7 9 1335 
1 6 7 9 1336 
1 6 7 9 1337 
1 6 7 9 1338 
1 6 7 9 1339 
1 6 7 9 1340 
1 6 7 9 1341 
1 6 7 9 1342 
1 6 7 9 1343 
1 6 7 9 1345 
1 6 7 9 1346 
1 6 7 9 1347 
1 6 7 9 1350 
1 6 7 9 1351 
1 6 7 9 1353 
1 6 7 9 1355 
1 6 7 9 1361 
1 6 7 9 1362 
1 6 7 9 1363 
1 6 7 9 1366 
1 6 7 9 1367 
1 6 7 9 1369 
1 6 7 9 1371 
1 6 7 9 1376 
1 6 7 9 1377 
1 6 7 9 1378 
1 6 7 9 1379 
1 6 7 9 1380 
1 6 7 9 1381 
1 6 7 9 1382 
1 6 7 9 1383 
1 6 7 9 1384 
1 6 7 9 1385 
1 6 7 9 1386 
1 6 7 9 1387 
1 6 7 9 1388 
1 6 7 9 1389 
1 6 7 9 1390 
1 6 7 9 1391 
1 6 7 9 1392 
1 6 7 9 1393 
1 6 7 9 1394 
1 6 7 9 1395 
1 6 7 9 1396 
1 6 7 9 1397 
1 6 7 9 1398 
1 6 7 9 1399 
1 6 7 9 1400 
1 6 7 9 1401 
1 6 7 9 1402 
1 6 7 9 1403 
1 6 7 9 1404 
1 6 7 9 1405 
1 6 7 9 1406 
1 6 7 9 1407 
1 6 7 9 1409 
1 6 7 9 1410 
1 6 7 9 1411 
1 6 7 9 1414 
1 6 7 9 1415 
1 6 7 9 1417 
1 6 7 9 1419 
1 6 7 9 1424 
1 6 7 9 1425 
1 6 7 9 1426 
1 6 7 9 1427 
1 6 7 9 1428 
1 6 7 9 1429 
1 6 7 9 1430 
1 6 7 9 1431 
1 6 7 9 1432 
1 6 7 9 1433 
1 6 7 9 1434 
1 6 7 9 1435 
1 6 7 9 1436 
1 6 7 9 1437 
1 6 7 9 1438 
1 6 7 9 1439 
1 6 7 9 1441 
1 6 7 9 1442 
1 6 7 9 1443 
1 6 7 9 1446 
1 6 7 9 1447 
1 6 7 9 1449 
1 6 7 9 1451 
1 6 7 9 1456 
1 6 7 9 1457 
1 6 7 9 1458 
1 6 7 9 1459 
1 6 7 9 1460 
1 6 7 9 1461 
1 6 7 9 1462 
1 6 7 9 1463 
1 6 7 9 1464 
1 6 7 9 1465 
1 6 7 9 1466 
1 6 7 9 1467 
1 6 7 9 1468 
1 6 7 9 1469 
1 6 7 9 1470 
1 6 7 9 1471 
1 6 7 9 1473 
1 6 7 9 1474 
1 6 7 9 1475 
1 6 7 9 1478 
1 6 7 9 1479 
1 6 7 9 1481 
1 6 7 9 1483 
1 6 7 9 1489 
1 6 7 9 1490 
1 6 7 9 1491 
1 6 7 9 1494 
1 6 7 9 1495 
1 6 7 9 1497 
1 6 7 9 1499 
1 6 7 9 1505 
1 6 7 9 1506 
1 6 7 9 1507 
1 6 7 9 1510 
1 6 7 9 1511 
1 6 7 9 1513 
1 6 7 9 1515 
1 6 7 9 1521 
1 6 7 9 1522 
1 6 7 9 1523 
1 6 7 9 1526 
1 6 7 9 1527 
1 6 7 9 1529 
1 6 7 9 1531 
1 6 7 9 1537 
1 6 7 9 1539 
1 6 7 9 1541 
1 6 7 9 1543 
1 6 7 9 1544 
1 6 7 9 1545 
1 6 7 9 1546 
1 6 7 9 1547 
1 6 7 9 1548 
1 6 7 9 1549 
1 6 7 9 1550 
1 6 7 9 1551 
1 6 7 9 1552 
1 6 7 9 1553 
1 6 7 9 1554 
1 6 7 9 1555 
1 6 7 9 1556 
1 6 7 9 1557 
1 6 7 9 1558 
1 6 7 9 1559 
1 6 7 9 1560 
1 6 7 9 1561 
1 6 7 9 1562 
1 6 7 9 1563 
1 6 7 9 1564 
1 6 7 9 1565 
1 6 7 9 1566 
1 6 7 9 1567 
1 6 7 9 1568 
1 6 7 9 1569 
1 6 7 9 1570 
1 6 7 9 1571 
1 6 7 9 1572 
1 6 7 9 1573 
1 6 7 9 1574 
1 6 7 9 1575 
1 6 7 9 1576 
1 6 7 9 1577 
1 6 7 9 1578 
1 6 7 9 1579 
1 6 7 9 1580 
1 6 7 9 1581 
1 6 7 9 1582 
1 6 7 9 1583 
1 6 7 9 1584 
1 6 7 9 1585 
1 6 7 9 1586 
1 6 7 9 1587 
1 6 7 9 1588 
1 6 7 9 1589 
1 6 7 9 1590 
1 6 7 9 1591 
1 6 7 9 1592 
1 6 7 9 1593 
1 6 7 9 1594 
1 6 7 9 1595 
1 6 7 9 1596 
1 6 7 9 1597 
1 6 7 9 1598 
1 6 7 9 1599 
1 6 7 9 1600 
1 6 7 9 1601 
1 6 7 9 1602 
1 6 7 9 1603 
1 6 7 9 1604 
1 6 7 9 1605 
1 6 7 9 1606 
1 6 7 9 1607 
1 6 7 9 1608 
1 6 7 9 1609 
1 6 7 9 1610 
1 6 7 9 1611 
1 6 7 9 1612 
1 6 7 9 1613 
1 6 7 9 1614 
1 6 7 9 1615 
1 6 7 9 1616 
1 6 7 9 1617 
1 6 7 9 1618 
1 6 7 9 1619 
1 6 7 9 1620 
1 6 7 9 1621 
1 6 7 9 1622 
1 6 7 9 1623 
1 6 7 9 1624 
1 6 7 9 1625 
1 6 7 9 1626 
1 6 7 9 1627 
1 6 7 9 1628 
1 6 7 9 1629 
1 6 7 9 1630 
1 6 7 9 1631 
1 6 7 9 1632 
1 6 7 9 1633 
1 6 7 9 1634 
1 6 7 9 1635 
1 6 7 9 1636 
1 6 7 9 1637 
1 6 7 9 1638 
1 6 7 9 1639 
1 6 7 9 1640 
1 6 7 9 1641 
1 6 7 9 1642 
1 6 7 9 1643 
1 6 7 9 1644 
1 6 7 9 1645 
1 6 7 9 1646 
1 6 7 9 1647 
1 6 7 9 1648 
1 6 7 9 1649 
1 6 7 9 1650 
1 6 7 9 1651 
1 6 7 9 1652 
1 6 7 9 1653 
1 6 7 9 1654 
1 6 7 9 1655 
1 6 7 9 1656 
1 6 7 9 1657 
1 6 7 9 1658 
1 6 7 9 1659 
1 6 7 9 1660 
1 6 7 9 1661 
1 6 7 9 1662 
1 6 7 9 1663 
1 6 7 9 1664 
1 6 7 9 1665 
1 6 7 9 1666 
1 6 7 9 1667 
1 6 7 9 1668 
1 6 7 9 1669 
1 6 7 9 1670 
1 6 7 9 1671 
1 6 7 9 1672 
1 6 7 9 1673 
1 6 7 9 1674 
1 6 7 9 1675 
1 6 7 9 1676 
1 6 7 9 1677 
1 6 7 9 1678 
1 6 7 9 1679 
1 6 7 9 1680 
1 6 7 9 1681 
1 6 7 9 1682 
1 6 7 9 1683 
1 6 7 9 1684 
1 6 7 9 1685 
1 6 7 9 1686 
1 6 7 9 1687 
1 6 7 9 1688 
1 6 7 9 1689 
1 6 7 9 1690 
1 6 7 9 1691 
1 6 7 9 1692 
1 6 7 9 1693 
1 6 7 9 1694 
1 6 7 9 1695 
1 6 7 9 1696 
1 6 7 9 1697 
1 6 7 9 1698 
1 6 7 9 1699 
1 6 7 9 1700 
1 6 7 9 1701 
1 6 7 9 1702 
1 6 7 9 1703 
1 6 7 9 1704 
1 6 7 9 1705 
1 6 7 9 1706 
1 6 7 9 1707 
1 6 7 9 1708 
1 6 7 9 1709 
1 6 7 9 1710 
1 6 7 9 1711 
1 6 7 9 1712 
1 6 7 9 1713 
1 6 7 9 1714 
1 6 7 9 1715 
1 6 7 9 1716 
1 6 7 9 1717 
1 6 7 9 1718 
1 6 7 9 1719 
1 6 7 9 1720 
1 6 7 9 1721 
1 6 7 9 1722 
1 6 7 9 1723 
1 6 7 9 1724 
1 6 7 9 1725 
1 6 7 9 1726 
1 6 7 9 1727 
1 6 7 9 1728 
1 6 7 9 1729 
1 6 7 9 1730 
1 6 7 9 1731 
1 6 7 9 1732 
1 6 7 9 1733 
1 6 7 9 1734 
1 6 7 9 1735 
1 6 7 9 1736 
1 6 7 9 1737 
1 6 7 9 1738 
1 6 7 9 1739 
1 6 7 9 1740 
1 6 7 9 1741 
1 6 7 9 1742 
1 6 7 9 1743 
1 6 7 9 1744 
1 6 7 9 1745 
1 6 7 9 1746 
1 6 7 9 1747 
1 6 7 9 1748 
1 6 7 9 1749 
1 6 7 9 1750 
1 6 7 9 1751 
1 6 7 9 1752 
1 6 7 9 1753 
1 6 7 9 1754 
1 6 7 9 1755 
1 6 7 9 1756 
1 6 7 9 1757 
1 6 7 9 1758 
1 6 7 9 1759 
1 6 7 9 1760 
1 6 7 9 1761 
1 6 7 9 1762 
1 6 7 9 1763 
1 6 7 9 1764 
1 6 7 9 1765 
1 6 7 9 1766 
1 6 7 9 1767 
1 6 7 9 1768 
1 6 7 9 1769 
1 6 7 9 1770 
1 6 7 9 1771 
1 6 7 9 1772 
1 6 7 9 1773 
1 6 7 9 1774 
1 6 7 9 1775 
1 6 7 9 1776 
1 6 7 9 1777 
1 6 7 9 1778 
1 6 7 9 1779 
1 6 7 9 1780 
1 6 7 9 1781 
1 6 7 9 1782 
1 6 7 9 1783 
1 6 7 9 1784 
1 6 7 9 1785 
1 6 7 9 1786 
1 6 7 9 1787 
1 6 7 9 1788 
1 6 7 9 1789 
1 6 7 9 1790 
1 6 7 9 1791 
1 6 7 9 1800 
1 6 7 9 1801 
1 6 7 9 1802 
1 6 7 9 1803 
1 6 7 9 1804 
1 6 7 9 1805 
1 6 7 9 1806 
1 6 7 9 1807 
1 6 7 9 1808 
1 6 7 9 1809 
1 6 7 9 1810 
1 6 7 9 1811 
1 6 7 9 1812 
1 6 7 9 1813 
1 6 7 9 1814 
1 6 7 9 1815 
1 6 7 9 1816 
1 6 7 9 1817 
1 6 7 9 1818 
1 6 7 9 1819 
1 6 7 9 1820 
1 6 7 9 1821 
1 6 7 9 1822 
1 6 7 9 1823 
1 6 7 9 1824 
1 6 7 9 1825 
1 6 7 9 1826 
1 6 7 9 1827 
1 6 7 9 1828 
1 6 7 9 1829 
1 6 7 9 1830 
1 6 7 9 1831 
1 6 7 9 1832 
1 6 7 9 1833 
1 6 7 9 1834 
1 6 7 9 1835 
1 6 7 9 1836 
1 6 7 9 1837 
1 6 7 9 1838 
1 6 7 9 1839 
1 6 7 9 1840 
1 6 7 9 1841 
1 6 7 9 1842 
1 6 7 9 1843 
1 6 7 9 1844 
1 6 7 9 1845 
1 6 7 9 1846 
1 6 7 9 1847 
1 6 7 9 1848 
1 6 7 9 1849 
1 6 7 9 1850 
1 6 7 9 1851 
1 6 7 9 1852 
1 6 7 9 1853 
1 6 7 9 1854 
1 6 7 9 1855 
1 6 7 9 1856 
1 6 7 9 1857 
1 6 7 9 1858 
1 6 7 9 1859 
1 6 7 9 1860 
1 6 7 9 1861 
1 6 7 9 1862 
1 6 7 9 1863 
1 6 7 9 1864 
1 6 7 9 1865 
1 6 7 9 1866 
1 6 7 9 1867 
1 6 7 9 1868 
1 6 7 9 1869 
1 6 7 9 1870 
1 6 7 9 1871 
1 6 7 9 1872 
1 6 7 9 1873 
1 6 7 9 1874 
1 6 7 9 1875 
1 6 7 9 1876 
1 6 7 9 1877 
1 6 7 9 1878 
1 6 7 9 1879 
1 6 7 9 1880 
1 6 7 9 1881 
1 6 7 9 1882 
1 6 7 9 1883 
1 6 7 9 1884 
1 6 7 9 1885 
1 6 7 9 1886 
1 6 7 9 1887 
1 6 7 9 1888 
1 6 7 9 1889 
1 6 7 9 1890 
1 6 7 9 1891 
1 6 7 9 1892 
1 6 7 9 1893 
1 6 7 9 1894 
1 6 7 9 1895 
1 6 7 9 1896 
1 6 7 9 1897 
1 6 7 9 1898 
1 6 7 9 1899 
1 6 7 9 1900 
1 6 7 9 1901 
1 6 7 9 1902 
1 6 7 9 1903 
1 6 7 9 1904 
1 6 7 9 1905 
1 6 7 9 1906 
1 6 7 9 1907 
1 6 7 9 1908 
1 6 7 9 1909 
1 6 7 9 1910 
1 6 7 9 1911 
1 6 7 9 1912 
1 6 7 9 1913 
1 6 7 9 1914 
1 6 7 9 1915 
1 6 7 9 1916 
1 6 7 9 1917 
1 6 7 9 1918 
1 6 7 9 1919 
1 6 7 9 1920 
1 6 7 9 1921 
1 6 7 9 1922 
1 6 7 9 1923 
1 6 7 9 1924 
1 6 7 9 1925 
1 6 7 9 1926 
1 6 7 9 1927 
1 6 7 9 1928 
1 6 7 9 1929 
1 6 7 9 1930 
1 6 7 9 1931 
1 6 7 9 1932 
1 6 7 9 1933 
1 6 7 9 1934 
1 6 7 9 1935 
1 6 7 9 1936 
1 6 7 9 1937 
1 6 7 9 1938 
1 6 7 9 1939 
1 6 7 9 1940 
1 6 7 9 1941 
1 6 7 9 1942 
1 6 7 9 1943 
1 6 7 9 1944 
1 6 7 9 1945 
1 6 7 9 1946 
1 6 7 9 1947 
1 6 7 9 1948 
1 6 7 9 1949 
1 6 7 9 1950 
1 6 7 9 1951 
1 6 7 9 1952 
1 6 7 9 1953 
1 6 7 9 1954 
1 6 7 9 1955 
1 6 7 9 1956 
1 6 7 9 1957 
1 6 7 9 1958 
1 6 7 9 1959 
1 6 7 9 1960 
1 6 7 9 1961 
1 6 7 9 1962 
1 6 7 9 1963 
1 6 7 9 1964 
1 6 7 9 1965 
1 6 7 9 1966 
1 6 7 9 1967 
1 6 7 9 1968 
1 6 7 9 1969 
1 6 7 9 1970 
1 6 7 9 1971 
1 6 7 9 1972 
1 6 7 9 1973 
1 6 7 9 1974 
1 6 7 9 1975 
1 6 7 9 1976 
1 6 7 9 1977 
1 6 7 9 1978 
1 6 7 9 1979 
1 6 7 9 1980 
1 6 7 9 1981 
1 6 7 9 1982 
1 6 7 9 1983 
1 6 7 9 1984 
1 6 7 9 1985 
1 6 7 9 1986 
1 6 7 9 1987 
1 6 7 9 1988 
1 6 7 9 1989 
1 6 7 9 1990 
1 6 7 9 1991 
1 6 7 9 1992 
1 6 7 9 1993 
1 6 7 9 1994 
1 6 7 9 1995 
1 6 7 9 1996 
1 6 7 9 1997 
1 6 7 9 1998 
1 6 7 9 1999 
1 6 7 9 2000 
1 6 7 9 2001 
1 6 7 9 2002 
1 6 7 9 2003 
1 6 7 9 2004 
1 6 7 9 2005 
1 6 7 9 2006 
1 6 7 9 2007 
1 6 7 9 2008 
1 6 7 9 2009 
1 6 7 9 2010 
1 6 7 9 2011 
1 6 7 9 2012 
1 6 7 9 2013 
1 6 7 9 2014 
1 6 7 9 2015 
1 6 7 9 2016 
1 6 7 9 2017 
1 6 7 9 2018 
1 6 7 9 2019 
1 6 7 9 2020 
1 6 7 9 2021 
1 6 7 9 2022 
1 6 7 9 2023 
1 6 7 9 2024 
1 6 7 9 2025 
1 6 7 9 2026 
1 6 7 9 2027 
1 6 7 9 2028 
1 6 7 9 2029 
1 6 7 9 2030 
1 6 7 9 2031 
1 6 7 9 2032 
1 6 7 9 2033 
1 6 7 9 2034 
1 6 7 9 2035 
1 6 7 9 2036 
1 6 7 9 2037 
1 6 7 9 2038 
1 6 7 9 2039 
1 6 7 9 2040 
1 6 7 9 2041 
1 6 7 9 2042 
1 6 7 9 2043 
1 6 7 9 2044 
1 6 7 9 2045 
1 6 7 9 2046 
1 6 7 9 2047 
1 6 7 9 2049 
1 6 7 9 2054 
1 6 7 9 2055 
1 6 7 9 2057 
1 6 7 9 2064 
1 6 7 9 2065 
1 6 7 9 2066 
1 6 7 9 2067 
1 6 7 9 2068 
1 6 7 9 2069 
1 6 7 9 2070 
1 6 7 9 2071 
1 6 7 9 2072 
1 6 7 9 2073 
1 6 7 9 2074 
1 6 7 9 2075 
1 6 7 9 2076 
1 6 7 9 2077 
1 6 7 9 2078 
1 6 7 9 2079 
1 6 7 9 2081 
1 6 7 9 2084 
1 6 7 9 2085 
1 6 7 9 2086 
1 6 7 9 2087 
1 6 7 9 2089 
1 6 7 9 2093 
1 6 7 9 2097 
1 6 7 9 2100 
1 6 7 9 2101 
1 6 7 9 2102 
1 6 7 9 2103 
1 6 7 9 2105 
1 6 7 9 2109 
1 6 7 9 2113 
1 6 7 9 2114 
1 6 7 9 2115 
1 6 7 9 2118 
1 6 7 9 2119 
1 6 7 9 2121 
1 6 7 9 2123 
1 6 7 9 2129 
1 6 7 9 2130 
1 6 7 9 2131 
1 6 7 9 2134 
1 6 7 9 2135 
1 6 7 9 2137 
1 6 7 9 2139 
1 6 7 9 2144 
1 6 7 9 2145 
1 6 7 9 2146 
1 6 7 9 2147 
1 6 7 9 2148 
1 6 7 9 2149 
1 6 7 9 2150 
1 6 7 9 2151 
1 6 7 9 2152 
1 6 7 9 2153 
1 6 7 9 2154 
1 6 7 9 2155 
1 6 7 9 2156 
1 6 7 9 2157 
1 6 7 9 2158 
1 6 7 9 2159 
1 6 7 9 2160 
1 6 7 9 2161 
1 6 7 9 2162 
1 6 7 9 2163 
1 6 7 9 2164 
1 6 7 9 2165 
1 6 7 9 2166 
1 6 7 9 2167 
1 6 7 9 2168 
1 6 7 9 2169 
1 6 7 9 2170 
1 6 7 9 2171 
1 6 7 9 2172 
1 6 7 9 2173 
1 6 7 9 2174 
1 6 7 9 2175 
1 6 7 9 2177 
1 6 7 9 2182 
1 6 7 9 2183 
1 6 7 9 2185 
1 6 7 9 2192 
1 6 7 9 2193 
1 6 7 9 2194 
1 6 7 9 2195 
1 6 7 9 2196 
1 6 7 9 2197 
1 6 7 9 2198 
1 6 7 9 2199 
1 6 7 9 2200 
1 6 7 9 2201 
1 6 7 9 2202 
1 6 7 9 2203 
1 6 7 9 2204 
1 6 7 9 2205 
1 6 7 9 2206 
1 6 7 9 2207 
1 6 7 9 2209 
1 6 7 9 2214 
1 6 7 9 2215 
1 6 7 9 2217 
1 6 7 9 2225 
1 6 7 9 2228 
1 6 7 9 2229 
1 6 7 9 2230 
1 6 7 9 2231 
1 6 7 9 2233 
1 6 7 9 2237 
1 6 7 9 2241 
1 6 7 9 2246 
1 6 7 9 2247 
1 6 7 9 2249 
1 6 7 9 2257 
1 6 7 9 2258 
1 6 7 9 2259 
1 6 7 9 2262 
1 6 7 9 2263 
1 6 7 9 2265 
1 6 7 9 2267 
1 6 7 9 2273 
1 6 7 9 2278 
1 6 7 9 2279 
1 6 7 9 2281 
1 6 7 9 2289 
1 6 7 9 2294 
1 6 7 9 2295 
1 6 7 9 2297 
1 6 7 9 2306 
1 6 7 9 2307 
1 6 7 9 2308 
1 6 7 9 2309 
1 6 7 9 2310 
1 6 7 9 2311 
1 6 7 9 2314 
1 6 7 9 2315 
1 6 7 9 2316 
1 6 7 9 2317 
1 6 7 9 2318 
1 6 7 9 2319 
1 6 7 9 2320 
1 6 7 9 2321 
1 6 7 9 2322 
1 6 7 9 2323 
1 6 7 9 2324 
1 6 7 9 2325 
1 6 7 9 2326 
1 6 7 9 2327 
1 6 7 9 2328 
1 6 7 9 2329 
1 6 7 9 2330 
1 6 7 9 2331 
1 6 7 9 2332 
1 6 7 9 2333 
1 6 7 9 2334 
1 6 7 9 2335 
1 6 7 9 2336 
1 6 7 9 2337 
1 6 7 9 2338 
1 6 7 9 2339 
1 6 7 9 2340 
1 6 7 9 2341 
1 6 7 9 2342 
1 6 7 9 2343 
1 6 7 9 2344 
1 6 7 9 2345 
1 6 7 9 2346 
1 6 7 9 2347 
1 6 7 9 2348 
1 6 7 9 2349 
1 6 7 9 2350 
1 6 7 9 2351 
1 6 7 9 2352 
1 6 7 9 2353 
1 6 7 9 2354 
1 6 7 9 2355 
1 6 7 9 2356 
1 6 7 9 2357 
1 6 7 9 2358 
1 6 7 9 2359 
1 6 7 9 2360 
1 6 7 9 2361 
1 6 7 9 2362 
1 6 7 9 2363 
1 6 7 9 2364 
1 6 7 9 2365 
1 6 7 9 2366 
1 6 7 9 2367 
1 6 7 9 2368 
1 6 7 9 2369 
1 6 7 9 2370 
1 6 7 9 2371 
1 6 7 9 2372 
1 6 7 9 2373 
1 6 7 9 2374 
1 6 7 9 2375 
1 6 7 9 2376 
1 6 7 9 2377 
1 6 7 9 2378 
1 6 7 9 2379 
1 6 7 9 2380 
1 6 7 9 2381 
1 6 7 9 2382 
1 6 7 9 2383 
1 6 7 9 2384 
1 6 7 9 2385 
1 6 7 9 2386 
1 6 7 9 2387 
1 6 7 9 2388 
1 6 7 9 2389 
1 6 7 9 2390 
1 6 7 9 2391 
1 6 7 9 2392 
1 6 7 9 2393 
1 6 7 9 2394 
1 6 7 9 2395 
1 6 7 9 2396 
1 6 7 9 2397 
1 6 7 9 2398 
1 6 7 9 2399 
1 6 7 9 2400 
1 6 7 9 2401 
1 6 7 9 2402 
1 6 7 9 2403 
1 6 7 9 2404 
1 6 7 9 2405 
1 6 7 9 2406 
1 6 7 9 2407 
1 6 7 9 2408 
1 6 7 9 2409 
1 6 7 9 2410 
1 6 7 9 2411 
1 6 7 9 2412 
1 6 7 9 2413 
1 6 7 9 2414 
1 6 7 9 2415 
1 6 7 9 2416 
1 6 7 9 2417 
1 6 7 9 2418 
1 6 7 9 2419 
1 6 7 9 2420 
1 6 7 9 2421 
1 6 7 9 2422 
1 6 7 9 2423 
1 6 7 9 2424 
1 6 7 9 2425 
1 6 7 9 2426 
1 6 7 9 2427 
1 6 7 9 2428 
1 6 7 9 2429 
1 6 7 9 2430 
1 6 7 9 2431 
1 6 7 9 2432 
1 6 7 9 2433 
1 6 7 9 2434 
1 6 7 9 2435 
1 6 7 9 2436 
1 6 7 9 2437 
1 6 7 9 2438 
1 6 7 9 2439 
1 6 7 9 2440 
1 6 7 9 2441 
1 6 7 9 2442 
1 6 7 9 2443 
1 6 7 9 2444 
1 6 7 9 2445 
1 6 7 9 2446 
1 6 7 9 2447 
1 6 7 9 2448 
1 6 7 9 2449 
1 6 7 9 2450 
1 6 7 9 2451 
1 6 7 9 2452 
1 6 7 9 2453 
1 6 7 9 2454 
1 6 7 9 2455 
1 6 7 9 2456 
1 6 7 9 2457 
1 6 7 9 2458 
1 6 7 9 2459 
1 6 7 9 2460 
1 6 7 9 2461 
1 6 7 9 2462 
1 6 7 9 2463 
1 6 7 9 2464 
1 6 7 9 2465 
1 6 7 9 2466 
1 6 7 9 2467 
1 6 7 9 2468 
1 6 7 9 2469 
1 6 7 9 2470 
1 6 7 9 2471 
1 6 7 9 2472 
1 6 7 9 2473 
1 6 7 9 2474 
1 6 7 9 2475 
1 6 7 9 2476 
1 6 7 9 2477 
1 6 7 9 2478 
1 6 7 9 2479 
1 6 7 9 2480 
1 6 7 9 2481 
1 6 7 9 2482 
1 6 7 9 2483 
1 6 7 9 2484 
1 6 7 9 2485 
1 6 7 9 2486 
1 6 7 9 2487 
1 6 7 9 2488 
1 6 7 9 2489 
1 6 7 9 2490 
1 6 7 9 2491 
1 6 7 9 2492 
1 6 7 9 2493 
1 6 7 9 2494 
1 6 7 9 2495 
1 6 7 9 2496 
1 6 7 9 2497 
1 6 7 9 2498 
1 6 7 9 2499 
1 6 7 9 2500 
1 6 7 9 2501 
1 6 7 9 2502 
1 6 7 9 2503 
1 6 7 9 2504 
1 6 7 9 2505 
1 6 7 9 2506 
1 6 7 9 2507 
1 6 7 9 2508 
1 6 7 9 2509 
1 6 7 9 2510 
1 6 7 9 2511 
1 6 7 9 2512 
1 6 7 9 2513 
1 6 7 9 2514 
1 6 7 9 2515 
1 6 7 9 2516 
1 6 7 9 2517 
1 6 7 9 2518 
1 6 7 9 2519 
1 6 7 9 2520 
1 6 7 9 2521 
1 6 7 9 2522 
1 6 7 9 2523 
1 6 7 9 2524 
1 6 7 9 2525 
1 6 7 9 2526 
1 6 7 9 2527 
1 6 7 9 2528 
1 6 7 9 2529 
1 6 7 9 2530 
1 6 7 9 2531 
1 6 7 9 2532 
1 6 7 9 2533 
1 6 7 9 2534 
1 6 7 9 2535 
1 6 7 9 2536 
1 6 7 9 2537 
1 6 7 9 2538 
1 6 7 9 2539 
1 6 7 9 2540 
1 6 7 9 2541 
1 6 7 9 2542 
1 6 7 9 2543 
1 6 7 9 2544 
1 6 7 9 2545 
1 6 7 9 2546 
1 6 7 9 2547 
1 6 7 9 2548 
1 6 7 9 2549 
1 6 7 9 2550 
1 6 7 9 2551 
1 6 7 9 2552 
1 6 7 9 2553 
1 6 7 9 2554 
1 6 7 9 2555 
1 6 7 9 2556 
1 6 7 9 2557 
1 6 7 9 2558 
1 6 7 9 2559 
1 6 7 9 2561 
1 6 7 9 2566 
1 6 7 9 2567 
1 6 7 9 2569 
1 6 7 9 2576 
1 6 7 9 2577 
1 6 7 9 2578 
1 6 7 9 2579 
1 6 7 9 2580 
1 6 7 9 2581 
1 6 7 9 2582 
1 6 7 9 2583 
1 6 7 9 2584 
1 6 7 9 2585 
1 6 7 9 2586 
1 6 7 9 2587 
1 6 7 9 2588 
1 6 7 9 2589 
1 6 7 9 2590 
1 6 7 9 2591 
1 6 7 9 2593 
1 6 7 9 2596 
1 6 7 9 2597 
1 6 7 9 2598 
1 6 7 9 2599 
1 6 7 9 2601 
1 6 7 9 2605 
1 6 7 9 2609 
1 6 7 9 2612 
1 6 7 9 2613 
1 6 7 9 2614 
1 6 7 9 2615 
1 6 7 9 2617 
1 6 7 9 2621 
1 6 7 9 2625 
1 6 7 9 2626 
1 6 7 9 2627 
1 6 7 9 2630 
1 6 7 9 2631 
1 6 7 9 2633 
1 6 7 9 2635 
1 6 7 9 2641 
1 6 7 9 2642 
1 6 7 9 2643 
1 6 7 9 2646 
1 6 7 9 2647 
1 6 7 9 2649 
1 6 7 9 2651 
1 6 7 9 2656 
1 6 7 9 2657 
1 6 7 9 2658 
1 6 7 9 2659 
1 6 7 9 2660 
1 6 7 9 2661 
1 6 7 9 2662 
1 6 7 9 2663 
1 6 7 9 2664 
1 6 7 9 2665 
1 6 7 9 2666 
1 6 7 9 2667 
1 6 7 9 2668 
1 6 7 9 2669 
1 6 7 9 2670 
1 6 7 9 2671 
1 6 7 9 2672 
1 6 7 9 2673 
1 6 7 9 2674 
1 6 7 9 2675 
1 6 7 9 2676 
1 6 7 9 2677 
1 6 7 9 2678 
1 6 7 9 2679 
1 6 7 9 2680 
1 6 7 9 2681 
1 6 7 9 2682 
1 6 7 9 2683 
1 6 7 9 2684 
1 6 7 9 2685 
1 6 7 9 2686 
1 6 7 9 2687 
1 6 7 9 2689 
1 6 7 9 2694 
1 6 7 9 2695 
1 6 7 9 2697 
1 6 7 9 2704 
1 6 7 9 2705 
1 6 7 9 2706 
1 6 7 9 2707 
1 6 7 9 2708 
1 6 7 9 2709 
1 6 7 9 2710 
1 6 7 9 2711 
1 6 7 9 2712 
1 6 7 9 2713 
1 6 7 9 2714 
1 6 7 9 2715 
1 6 7 9 2716 
1 6 7 9 2717 
1 6 7 9 2718 
1 6 7 9 2719 
1 6 7 9 2721 
1 6 7 9 2726 
1 6 7 9 2727 
1 6 7 9 2729 
1 6 7 9 2737 
1 6 7 9 2740 
1 6 7 9 2741 
1 6 7 9 2742 
1 6 7 9 2743 
1 6 7 9 2745 
1 6 7 9 2749 
1 6 7 9 2753 
1 6 7 9 2758 
1 6 7 9 2759 
1 6 7 9 2761 
1 6 7 9 2769 
1 6 7 9 2770 
1 6 7 9 2771 
1 6 7 9 2774 
1 6 7 9 2775 
1 6 7 9 2777 
1 6 7 9 2779 
1 6 7 9 2785 
1 6 7 9 2790 
1 6 7 9 2791 
1 6 7 9 2793 
1 6 7 9 2801 
1 6 7 9 2806 
1 6 7 9 2807 
1 6 7 9 2809 
1 6 7 9 2820 
1 6 7 9 2821 
1 6 7 9 2822 
1 6 7 9 2823 
1 6 7 9 2829 
1 6 7 9 2832 
1 6 7 9 2833 
1 6 7 9 2834 
1 6 7 9 2835 
1 6 7 9 2836 
1 6 7 9 2837 
1 6 7 9 2838 
1 6 7 9 2839 
1 6 7 9 2840 
1 6 7 9 2841 
1 6 7 9 2842 
1 6 7 9 2843 
1 6 7 9 2844 
1 6 7 9 2845 
1 6 7 9 2846 
1 6 7 9 2847 
1 6 7 9 2849 
1 6 7 9 2852 
1 6 7 9 2853 
1 6 7 9 2854 
1 6 7 9 2855 
1 6 7 9 2857 
1 6 7 9 2861 
1 6 7 9 2865 
1 6 7 9 2868 
1 6 7 9 2869 
1 6 7 9 2870 
1 6 7 9 2871 
1 6 7 9 2873 
1 6 7 9 2877 
1 6 7 9 2880 
1 6 7 9 2881 
1 6 7 9 2882 
1 6 7 9 2883 
1 6 7 9 2884 
1 6 7 9 2885 
1 6 7 9 2886 
1 6 7 9 2887 
1 6 7 9 2888 
1 6 7 9 2889 
1 6 7 9 2890 
1 6 7 9 2891 
1 6 7 9 2892 
1 6 7 9 2893 
1 6 7 9 2894 
1 6 7 9 2895 
1 6 7 9 2896 
1 6 7 9 2897 
1 6 7 9 2898 
1 6 7 9 2899 
1 6 7 9 2900 
1 6 7 9 2901 
1 6 7 9 2902 
1 6 7 9 2903 
1 6 7 9 2904 
1 6 7 9 2905 
1 6 7 9 2906 
1 6 7 9 2907 
1 6 7 9 2908 
1 6 7 9 2909 
1 6 7 9 2910 
1 6 7 9 2911 
1 6 7 9 2912 
1 6 7 9 2913 
1 6 7 9 2914 
1 6 7 9 2915 
1 6 7 9 2916 
1 6 7 9 2917 
1 6 7 9 2918 
1 6 7 9 2919 
1 6 7 9 2920 
1 6 7 9 2921 
1 6 7 9 2922 
1 6 7 9 2923 
1 6 7 9 2924 
1 6 7 9 2925 
1 6 7 9 2926 
1 6 7 9 2927 
1 6 7 9 2928 
1 6 7 9 2929 
1 6 7 9 2930 
1 6 7 9 2931 
1 6 7 9 2932 
1 6 7 9 2933 
1 6 7 9 2934 
1 6 7 9 2935 
1 6 7 9 2936 
1 6 7 9 2937 
1 6 7 9 2938 
1 6 7 9 2939 
1 6 7 9 2940 
1 6 7 9 2941 
1 6 7 9 2942 
1 6 7 9 2943 
1 6 7 9 2945 
1 6 7 9 2948 
1 6 7 9 2949 
1 6 7 9 2950 
1 6 7 9 2951 
1 6 7 9 2953 
1 6 7 9 2957 
1 6 7 9 2960 
1 6 7 9 2961 
1 6 7 9 2962 
1 6 7 9 2963 
1 6 7 9 2964 
1 6 7 9 2965 
1 6 7 9 2966 
1 6 7 9 2967 
1 6 7 9 2968 
1 6 7 9 2969 
1 6 7 9 2970 
1 6 7 9 2971 
1 6 7 9 2972 
1 6 7 9 2973 
1 6 7 9 2974 
1 6 7 9 2975 
1 6 7 9 2977 
1 6 7 9 2980 
1 6 7 9 2981 
1 6 7 9 2982 
1 6 7 9 2983 
1 6 7 9 2985 
1 6 7 9 2989 
1 6 7 9 2993 
1 6 7 9 2996 
1 6 7 9 2997 
1 6 7 9 2998 
1 6 7 9 2999 
1 6 7 9 3001 
1 6 7 9 3005 
1 6 7 9 3009 
1 6 7 9 3012 
1 6 7 9 3013 
1 6 7 9 3014 
1 6 7 9 3015 
1 6 7 9 3017 
1 6 7 9 3021 
1 6 7 9 3024 
1 6 7 9 3025 
1 6 7 9 3026 
1 6 7 9 3027 
1 6 7 9 3028 
1 6 7 9 3029 
1 6 7 9 3030 
1 6 7 9 3031 
1 6 7 9 3032 
1 6 7 9 3033 
1 6 7 9 3034 
1 6 7 9 3035 
1 6 7 9 3036 
1 6 7 9 3037 
1 6 7 9 3038 
1 6 7 9 3039 
1 6 7 9 3041 
1 6 7 9 3044 
1 6 7 9 3045 
1 6 7 9 3046 
1 6 7 9 3047 
1 6 7 9 3049 
1 6 7 9 3053 
1 6 7 9 3057 
1 6 7 9 3060 
1 6 7 9 3061 
1 6 7 9 3062 
1 6 7 9 3063 
1 6 7 9 3065 
1 6 7 9 3069 
1 6 7 9 3073 
1 6 7 9 3078 
1 6 7 9 3079 
1 6 7 9 3081 
1 6 7 9 3088 
1 6 7 9 3089 
1 6 7 9 3090 
1 6 7 9 3091 
1 6 7 9 3092 
1 6 7 9 3093 
1 6 7 9 3094 
1 6 7 9 3095 
1 6 7 9 3096 
1 6 7 9 3097 
1 6 7 9 3098 
1 6 7 9 3099 
1 6 7 9 3100 
1 6 7 9 3101 
1 6 7 9 3102 
1 6 7 9 3103 
1 6 7 9 3105 
1 6 7 9 3108 
1 6 7 9 3109 
1 6 7 9 3110 
1 6 7 9 3111 
1 6 7 9 3113 
1 6 7 9 3117 
1 6 7 9 3121 
1 6 7 9 3124 
1 6 7 9 3125 
1 6 7 9 3126 
1 6 7 9 3127 
1 6 7 9 3129 
1 6 7 9 3133 
1 6 7 9 3137 
1 6 7 9 3138 
1 6 7 9 3139 
1 6 7 9 3142 
1 6 7 9 3143 
1 6 7 9 3145 
1 6 7 9 3147 
1 6 7 9 3153 
1 6 7 9 3154 
1 6 7 9 3155 
1 6 7 9 3158 
1 6 7 9 3159 
1 6 7 9 3161 
1 6 7 9 3163 
1 6 7 9 3168 
1 6 7 9 3169 
1 6 7 9 3170 
1 6 7 9 3171 
1 6 7 9 3172 
1 6 7 9 3173 
1 6 7 9 3174 
1 6 7 9 3175 
1 6 7 9 3176 
1 6 7 9 3177 
1 6 7 9 3178 
1 6 7 9 3179 
1 6 7 9 3180 
1 6 7 9 3181 
1 6 7 9 3182 
1 6 7 9 3183 
1 6 7 9 3184 
1 6 7 9 3185 
1 6 7 9 3186 
1 6 7 9 3187 
1 6 7 9 3188 
1 6 7 9 3189 
1 6 7 9 3190 
1 6 7 9 3191 
1 6 7 9 3192 
1 6 7 9 3193 
1 6 7 9 3194 
1 6 7 9 3195 
1 6 7 9 3196 
1 6 7 9 3197 
1 6 7 9 3198 
1 6 7 9 3199 
1 6 7 9 3201 
1 6 7 9 3206 
1 6 7 9 3207 
1 6 7 9 3209 
1 6 7 9 3216 
1 6 7 9 3217 
1 6 7 9 3218 
1 6 7 9 3219 
1 6 7 9 3220 
1 6 7 9 3221 
1 6 7 9 3222 
1 6 7 9 3223 
1 6 7 9 3224 
1 6 7 9 3225 
1 6 7 9 3226 
1 6 7 9 3227 
1 6 7 9 3228 
1 6 7 9 3229 
1 6 7 9 3230 
1 6 7 9 3231 
1 6 7 9 3233 
1 6 7 9 3238 
1 6 7 9 3239 
1 6 7 9 3241 
1 6 7 9 3249 
1 6 7 9 3252 
1 6 7 9 3253 
1 6 7 9 3254 
1 6 7 9 3255 
1 6 7 9 3257 
1 6 7 9 3261 
1 6 7 9 3265 
1 6 7 9 3270 
1 6 7 9 3271 
1 6 7 9 3273 
1 6 7 9 3281 
1 6 7 9 3282 
1 6 7 9 3283 
1 6 7 9 3286 
1 6 7 9 3287 
1 6 7 9 3289 
1 6 7 9 3291 
1 6 7 9 3297 
1 6 7 9 3302 
1 6 7 9 3303 
1 6 7 9 3305 
1 6 7 9 3313 
1 6 7 9 3318 
1 6 7 9 3319 
1 6 7 9 3321 
1 6 7 9 3330 
1 6 7 9 3331 
1 6 7 9 3334 
1 6 7 9 3335 
1 6 7 9 3339 
1 6 7 9 3344 
1 6 7 9 3345 
1 6 7 9 3346 
1 6 7 9 3347 
1 6 7 9 3348 
1 6 7 9 3349 
1 6 7 9 3350 
1 6 7 9 3351 
1 6 7 9 3352 
1 6 7 9 3353 
1 6 7 9 3354 
1 6 7 9 3355 
1 6 7 9 3356 
1 6 7 9 3357 
1 6 7 9 3358 
1 6 7 9 3359 
1 6 7 9 3360 
1 6 7 9 3361 
1 6 7 9 3362 
1 6 7 9 3363 
1 6 7 9 3364 
1 6 7 9 3365 
1 6 7 9 3366 
1 6 7 9 3367 
1 6 7 9 3368 
1 6 7 9 3369 
1 6 7 9 3370 
1 6 7 9 3371 
1 6 7 9 3372 
1 6 7 9 3373 
1 6 7 9 3374 
1 6 7 9 3375 
1 6 7 9 3376 
1 6 7 9 3377 
1 6 7 9 3378 
1 6 7 9 3379 
1 6 7 9 3380 
1 6 7 9 3381 
1 6 7 9 3382 
1 6 7 9 3383 
1 6 7 9 3384 
1 6 7 9 3385 
1 6 7 9 3386 
1 6 7 9 3387 
1 6 7 9 3388 
1 6 7 9 3389 
1 6 7 9 3390 
1 6 7 9 3391 
1 6 7 9 3393 
1 6 7 9 3394 
1 6 7 9 3395 
1 6 7 9 3398 
1 6 7 9 3399 
1 6 7 9 3401 
1 6 7 9 3403 
1 6 7 9 3409 
1 6 7 9 3410 
1 6 7 9 3411 
1 6 7 9 3414 
1 6 7 9 3415 
1 6 7 9 3417 
1 6 7 9 3419 
1 6 7 9 3424 
1 6 7 9 3425 
1 6 7 9 3426 
1 6 7 9 3427 
1 6 7 9 3428 
1 6 7 9 3429 
1 6 7 9 3430 
1 6 7 9 3431 
1 6 7 9 3432 
1 6 7 9 3433 
1 6 7 9 3434 
1 6 7 9 3435 
1 6 7 9 3436 
1 6 7 9 3437 
1 6 7 9 3438 
1 6 7 9 3439 
1 6 7 9 3440 
1 6 7 9 3441 
1 6 7 9 3442 
1 6 7 9 3443 
1 6 7 9 3444 
1 6 7 9 3445 
1 6 7 9 3446 
1 6 7 9 3447 
1 6 7 9 3448 
1 6 7 9 3449 
1 6 7 9 3450 
1 6 7 9 3451 
1 6 7 9 3452 
1 6 7 9 3453 
1 6 7 9 3454 
1 6 7 9 3455 
1 6 7 9 3457 
1 6 7 9 3458 
1 6 7 9 3459 
1 6 7 9 3462 
1 6 7 9 3463 
1 6 7 9 3465 
1 6 7 9 3467 
1 6 7 9 3472 
1 6 7 9 3473 
1 6 7 9 3474 
1 6 7 9 3475 
1 6 7 9 3476 
1 6 7 9 3477 
1 6 7 9 3478 
1 6 7 9 3479 
1 6 7 9 3480 
1 6 7 9 3481 
1 6 7 9 3482 
1 6 7 9 3483 
1 6 7 9 3484 
1 6 7 9 3485 
1 6 7 9 3486 
1 6 7 9 3487 
1 6 7 9 3489 
1 6 7 9 3490 
1 6 7 9 3491 
1 6 7 9 3494 
1 6 7 9 3495 
1 6 7 9 3497 
1 6 7 9 3499 
1 6 7 9 3504 
1 6 7 9 3505 
1 6 7 9 3506 
1 6 7 9 3507 
1 6 7 9 3508 
1 6 7 9 3509 
1 6 7 9 3510 
1 6 7 9 3511 
1 6 7 9 3512 
1 6 7 9 3513 
1 6 7 9 3514 
1 6 7 9 3515 
1 6 7 9 3516 
1 6 7 9 3517 
1 6 7 9 3518 
1 6 7 9 3519 
1 6 7 9 3521 
1 6 7 9 3522 
1 6 7 9 3523 
1 6 7 9 3526 
1 6 7 9 3527 
1 6 7 9 3529 
1 6 7 9 3531 
1 6 7 9 3537 
1 6 7 9 3538 
1 6 7 9 3539 
1 6 7 9 3542 
1 6 7 9 3543 
1 6 7 9 3545 
1 6 7 9 3547 
1 6 7 9 3553 
1 6 7 9 3554 
1 6 7 9 3555 
1 6 7 9 3558 
1 6 7 9 3559 
1 6 7 9 3561 
1 6 7 9 3563 
1 6 7 9 3569 
1 6 7 9 3570 
1 6 7 9 3571 
1 6 7 9 3574 
1 6 7 9 3575 
1 6 7 9 3577 
1 6 7 9 3579 
1 6 7 9 3585 
1 6 7 9 3591 
1 6 7 9 3593 
1 6 7 9 3600 
1 6 7 9 3601 
1 6 7 9 3602 
1 6 7 9 3603 
1 6 7 9 3604 
1 6 7 9 3605 
1 6 7 9 3606 
1 6 7 9 3607 
1 6 7 9 3608 
1 6 7 9 3609 
1 6 7 9 3610 
1 6 7 9 3611 
1 6 7 9 3612 
1 6 7 9 3613 
1 6 7 9 3614 
1 6 7 9 3615 
1 6 7 9 3617 
1 6 7 9 3620 
1 6 7 9 3621 
1 6 7 9 3622 
1 6 7 9 3623 
1 6 7 9 3625 
1 6 7 9 3629 
1 6 7 9 3633 
1 6 7 9 3636 
1 6 7 9 3637 
1 6 7 9 3638 
1 6 7 9 3639 
1 6 7 9 3641 
1 6 7 9 3645 
1 6 7 9 3649 
1 6 7 9 3650 
1 6 7 9 3651 
1 6 7 9 3654 
1 6 7 9 3655 
1 6 7 9 3657 
1 6 7 9 3659 
1 6 7 9 3665 
1 6 7 9 3666 
1 6 7 9 3667 
1 6 7 9 3670 
1 6 7 9 3671 
1 6 7 9 3673 
1 6 7 9 3675 
1 6 7 9 3680 
1 6 7 9 3681 
1 6 7 9 3682 
1 6 7 9 3683 
1 6 7 9 3684 
1 6 7 9 3685 
1 6 7 9 3686 
1 6 7 9 3687 
1 6 7 9 3688 
1 6 7 9 3689 
1 6 7 9 3690 
1 6 7 9 3691 
1 6 7 9 3692 
1 6 7 9 3693 
1 6 7 9 3694 
1 6 7 9 3695 
1 6 7 9 3696 
1 6 7 9 3697 
1 6 7 9 3698 
1 6 7 9 3699 
1 6 7 9 3700 
1 6 7 9 3701 
1 6 7 9 3702 
1 6 7 9 3703 
1 6 7 9 3704 
1 6 7 9 3705 
1 6 7 9 3706 
1 6 7 9 3707 
1 6 7 9 3708 
1 6 7 9 3709 
1 6 7 9 3710 
1 6 7 9 3711 
1 6 7 9 3713 
1 6 7 9 3718 
1 6 7 9 3719 
1 6 7 9 3721 
1 6 7 9 3728 
1 6 7 9 3729 
1 6 7 9 3730 
1 6 7 9 3731 
1 6 7 9 3732 
1 6 7 9 3733 
1 6 7 9 3734 
1 6 7 9 3735 
1 6 7 9 3736 
1 6 7 9 3737 
1 6 7 9 3738 
1 6 7 9 3739 
1 6 7 9 3740 
1 6 7 9 3741 
1 6 7 9 3742 
1 6 7 9 3743 
1 6 7 9 3745 
1 6 7 9 3750 
1 6 7 9 3751 
1 6 7 9 3753 
1 6 7 9 3761 
1 6 7 9 3764 
1 6 7 9 3765 
1 6 7 9 3766 
1 6 7 9 3767 
1 6 7 9 3769 
1 6 7 9 3773 
1 6 7 9 3777 
1 6 7 9 3782 
1 6 7 9 3783 
1 6 7 9 3785 
1 6 7 9 3793 
1 6 7 9 3794 
1 6 7 9 3795 
1 6 7 9 3798 
1 6 7 9 3799 
1 6 7 9 3801 
1 6 7 9 3803 
1 6 7 9 3809 
1 6 7 9 3814 
1 6 7 9 3815 
1 6 7 9 3817 
1 6 7 9 3825 
1 6 7 9 3830 
1 6 7 9 3831 
1 6 7 9 3833 
1 6 7 9 3856 
1 6 7 9 3857 
1 6 7 9 3858 
1 6 7 9 3859 
1 6 7 9 3860 
1 6 7 9 3861 
1 6 7 9 3862 
1 6 7 9 3863 
1 6 7 9 3864 
1 6 7 9 3865 
1 6 7 9 3866 
1 6 7 9 3867 
1 6 7 9 3868 
1 6 7 9 3869 
1 6 7 9 3870 
1 6 7 9 3871 
1 6 7 9 3873 
1 6 7 9 3876 
1 6 7 9 3877 
1 6 7 9 3878 
1 6 7 9 3879 
1 6 7 9 3881 
1 6 7 9 3885 
1 6 7 9 3889 
1 6 7 9 3892 
1 6 7 9 3893 
1 6 7 9 3894 
1 6 7 9 3895 
1 6 7 9 3897 
1 6 7 9 3901 
1 6 7 9 3905 
1 6 7 9 3906 
1 6 7 9 3907 
1 6 7 9 3910 
1 6 7 9 3911 
1 6 7 9 3913 
1 6 7 9 3915 
1 6 7 9 3921 
1 6 7 9 3922 
1 6 7 9 3923 
1 6 7 9 3926 
1 6 7 9 3927 
1 6 7 9 3929 
1 6 7 9 3931 
1 6 7 9 3936 
1 6 7 9 3937 
1 6 7 9 3938 
1 6 7 9 3939 
1 6 7 9 3940 
1 6 7 9 3941 
1 6 7 9 3942 
1 6 7 9 3943 
1 6 7 9 3944 
1 6 7 9 3945 
1 6 7 9 3946 
1 6 7 9 3947 
1 6 7 9 3948 
1 6 7 9 3949 
1 6 7 9 3950 
1 6 7 9 3951 
1 6 7 9 3952 
1 6 7 9 3953 
1 6 7 9 3954 
1 6 7 9 3955 
1 6 7 9 3956 
1 6 7 9 3957 
1 6 7 9 3958 
1 6 7 9 3959 
1 6 7 9 3960 
1 6 7 9 3961 
1 6 7 9 3962 
1 6 7 9 3963 
1 6 7 9 3964 
1 6 7 9 3965 
1 6 7 9 3966 
1 6 7 9 3967 
1 6 7 9 3969 
1 6 7 9 3974 
1 6 7 9 3975 
1 6 7 9 3977 
1 6 7 9 3984 
1 6 7 9 3985 
1 6 7 9 3986 
1 6 7 9 3987 
1 6 7 9 3988 
1 6 7 9 3989 
1 6 7 9 3990 
1 6 7 9 3991 
1 6 7 9 3992 
1 6 7 9 3993 
1 6 7 9 3994 
1 6 7 9 3995 
1 6 7 9 3996 
1 6 7 9 3997 
1 6 7 9 3998 
1 6 7 9 3999 
1 6 7 9 4001 
1 6 7 9 4006 
1 6 7 9 4007 
1 6 7 9 4009 
1 6 7 9 4017 
1 6 7 9 4020 
1 6 7 9 4021 
1 6 7 9 4022 
1 6 7 9 4023 
1 6 7 9 4025 
1 6 7 9 4029 
1 6 7 9 4033 
1 6 7 9 4038 
1 6 7 9 4039 
1 6 7 9 4041 
1 6 7 9 4049 
1 6 7 9 4050 
1 6 7 9 4051 
1 6 7 9 4054 
1 6 7 9 4055 
1 6 7 9 4057 
1 6 7 9 4059 
1 6 7 9 4065 
1 6 7 9 4070 
1 6 7 9 4071 
1 6 7 9 4073 
1 6 7 9 4081 
1 6 7 9 4086 
1 6 7 9 4087 
1 6 7 9 4089 
1 6 7 9 4097 
1 6 7 9 4098 
1 6 7 9 4099 
1 6 7 9 4100 
1 6 7 9 4101 
1 6 7 9 4102 
1 6 7 9 4103 
1 6 7 9 4104 
1 6 7 9 4105 
1 6 7 9 4106 
1 6 7 9 4107 
1 6 7 9 4108 
1 6 7 9 4109 
1 6 7 9 4110 
1 6 7 9 4111 
1 6 7 9 4114 
1 6 7 9 4115 
1 6 7 9 4116 
1 6 7 9 4117 
1 6 7 9 4118 
1 6 7 9 4119 
1 6 7 9 4120 
1 6 7 9 4121 
1 6 7 9 4122 
1 6 7 9 4123 
1 6 7 9 4124 
1 6 7 9 4125 
1 6 7 9 4126 
1 6 7 9 4127 
1 6 7 9 4129 
1 6 7 9 4131 
1 6 7 9 4132 
1 6 7 9 4133 
1 6 7 9 4134 
1 6 7 9 4135 
1 6 7 9 4136 
1 6 7 9 4137 
1 6 7 9 4138 
1 6 7 9 4139 
1 6 7 9 4140 
1 6 7 9 4141 
1 6 7 9 4142 
1 6 7 9 4143 
1 6 7 9 4148 
1 6 7 9 4149 
1 6 7 9 4150 
1 6 7 9 4151 
1 6 7 9 4152 
1 6 7 9 4153 
1 6 7 9 4154 
1 6 7 9 4155 
1 6 7 9 4156 
1 6 7 9 4157 
1 6 7 9 4158 
1 6 7 9 4159 
1 6 7 9 4161 
1 6 7 9 4162 
1 6 7 9 4163 
1 6 7 9 4165 
1 6 7 9 4166 
1 6 7 9 4167 
1 6 7 9 4168 
1 6 7 9 4169 
1 6 7 9 4170 
1 6 7 9 4171 
1 6 7 9 4172 
1 6 7 9 4173 
1 6 7 9 4174 
1 6 7 9 4175 
1 6 7 9 4178 
1 6 7 9 4179 
1 6 7 9 4182 
1 6 7 9 4183 
1 6 7 9 4184 
1 6 7 9 4185 
1 6 7 9 4186 
1 6 7 9 4187 
1 6 7 9 4188 
1 6 7 9 4189 
1 6 7 9 4190 
1 6 7 9 4191 
1 6 7 9 4193 
1 6 7 9 4195 
1 6 7 9 4197 
1 6 7 9 4199 
1 6 7 9 4200 
1 6 7 9 4201 
1 6 7 9 4202 
1 6 7 9 4203 
1 6 7 9 4204 
1 6 7 9 4205 
1 6 7 9 4206 
1 6 7 9 4207 
1 6 7 9 4216 
1 6 7 9 4217 
1 6 7 9 4218 
1 6 7 9 4219 
1 6 7 9 4220 
1 6 7 9 4221 
1 6 7 9 4222 
1 6 7 9 4223 
1 6 7 9 4225 
1 6 7 9 4226 
1 6 7 9 4227 
1 6 7 9 4228 
1 6 7 9 4229 
1 6 7 9 4230 
1 6 7 9 4231 
1 6 7 9 4233 
1 6 7 9 4234 
1 6 7 9 4235 
1 6 7 9 4236 
1 6 7 9 4237 
1 6 7 9 4238 
1 6 7 9 4239 
1 6 7 9 4242 
1 6 7 9 4243 
1 6 7 9 4244 
1 6 7 9 4245 
1 6 7 9 4246 
1 6 7 9 4247 
1 6 7 9 4250 
1 6 7 9 4251 
1 6 7 9 4252 
1 6 7 9 4253 
1 6 7 9 4254 
1 6 7 9 4255 
1 6 7 9 4257 
1 6 7 9 4259 
1 6 7 9 4260 
1 6 7 9 4261 
1 6 7 9 4262 
1 6 7 9 4263 
1 6 7 9 4265 
1 6 7 9 4267 
1 6 7 9 4268 
1 6 7 9 4269 
1 6 7 9 4270 
1 6 7 9 4271 
1 6 7 9 4276 
1 6 7 9 4277 
1 6 7 9 4278 
1 6 7 9 4279 
1 6 7 9 4284 
1 6 7 9 4285 
1 6 7 9 4286 
1 6 7 9 4287 
1 6 7 9 4289 
1 6 7 9 4290 
1 6 7 9 4291 
1 6 7 9 4293 
1 6 7 9 4294 
1 6 7 9 4295 
1 6 7 9 4297 
1 6 7 9 4298 
1 6 7 9 4299 
1 6 7 9 4301 
1 6 7 9 4302 
1 6 7 9 4303 
1 6 7 9 4306 
1 6 7 9 4307 
1 6 7 9 4310 
1 6 7 9 4311 
1 6 7 9 4314 
1 6 7 9 4315 
1 6 7 9 4318 
1 6 7 9 4319 
1 6 7 9 4321 
1 6 7 9 4323 
1 6 7 9 4325 
1 6 7 9 4327 
1 6 7 9 4329 
1 6 7 9 4331 
1 6 7 9 4333 
1 6 7 9 4335 
1 6 7 9 4354 
1 6 7 9 4355 
1 6 7 9 4356 
1 6 7 9 4357 
1 6 7 9 4358 
1 6 7 9 4359 
1 6 7 9 4360 
1 6 7 9 4361 
1 6 7 9 4362 
1 6 7 9 4363 
1 6 7 9 4364 
1 6 7 9 4365 
1 6 7 9 4366 
1 6 7 9 4367 
1 6 7 9 4370 
1 6 7 9 4371 
1 6 7 9 4372 
1 6 7 9 4373 
1 6 7 9 4374 
1 6 7 9 4375 
1 6 7 9 4376 
1 6 7 9 4377 
1 6 7 9 4378 
1 6 7 9 4379 
1 6 7 9 4380 
1 6 7 9 4381 
1 6 7 9 4382 
1 6 7 9 4383 
1 6 7 9 4385 
1 6 7 9 4387 
1 6 7 9 4388 
1 6 7 9 4389 
1 6 7 9 4390 
1 6 7 9 4391 
1 6 7 9 4392 
1 6 7 9 4393 
1 6 7 9 4394 
1 6 7 9 4395 
1 6 7 9 4396 
1 6 7 9 4397 
1 6 7 9 4398 
1 6 7 9 4399 
1 6 7 9 4404 
1 6 7 9 4405 
1 6 7 9 4406 
1 6 7 9 4407 
1 6 7 9 4408 
1 6 7 9 4409 
1 6 7 9 4410 
1 6 7 9 4411 
1 6 7 9 4412 
1 6 7 9 4413 
1 6 7 9 4414 
1 6 7 9 4415 
1 6 7 9 4417 
1 6 7 9 4418 
1 6 7 9 4419 
1 6 7 9 4421 
1 6 7 9 4422 
1 6 7 9 4423 
1 6 7 9 4424 
1 6 7 9 4425 
1 6 7 9 4426 
1 6 7 9 4427 
1 6 7 9 4428 
1 6 7 9 4429 
1 6 7 9 4430 
1 6 7 9 4431 
1 6 7 9 4434 
1 6 7 9 4435 
1 6 7 9 4438 
1 6 7 9 4439 
1 6 7 9 4440 
1 6 7 9 4441 
1 6 7 9 4442 
1 6 7 9 4443 
1 6 7 9 4444 
1 6 7 9 4445 
1 6 7 9 4446 
1 6 7 9 4447 
1 6 7 9 4449 
1 6 7 9 4451 
1 6 7 9 4453 
1 6 7 9 4455 
1 6 7 9 4456 
1 6 7 9 4457 
1 6 7 9 4458 
1 6 7 9 4459 
1 6 7 9 4460 
1 6 7 9 4461 
1 6 7 9 4462 
1 6 7 9 4463 
1 6 7 9 4472 
1 6 7 9 4473 
1 6 7 9 4474 
1 6 7 9 4475 
1 6 7 9 4476 
1 6 7 9 4477 
1 6 7 9 4478 
1 6 7 9 4479 
1 6 7 9 4481 
1 6 7 9 4482 
1 6 7 9 4483 
1 6 7 9 4484 
1 6 7 9 4485 
1 6 7 9 4486 
1 6 7 9 4487 
1 6 7 9 4489 
1 6 7 9 4490 
1 6 7 9 4491 
1 6 7 9 4492 
1 6 7 9 4493 
1 6 7 9 4494 
1 6 7 9 4495 
1 6 7 9 4498 
1 6 7 9 4499 
1 6 7 9 4500 
1 6 7 9 4501 
1 6 7 9 4502 
1 6 7 9 4503 
1 6 7 9 4506 
1 6 7 9 4507 
1 6 7 9 4508 
1 6 7 9 4509 
1 6 7 9 4510 
1 6 7 9 4511 
1 6 7 9 4513 
1 6 7 9 4515 
1 6 7 9 4516 
1 6 7 9 4517 
1 6 7 9 4518 
1 6 7 9 4519 
1 6 7 9 4521 
1 6 7 9 4523 
1 6 7 9 4524 
1 6 7 9 4525 
1 6 7 9 4526 
1 6 7 9 4527 
1 6 7 9 4532 
1 6 7 9 4533 
1 6 7 9 4534 
1 6 7 9 4535 
1 6 7 9 4540 
1 6 7 9 4541 
1 6 7 9 4542 
1 6 7 9 4543 
1 6 7 9 4545 
1 6 7 9 4546 
1 6 7 9 4547 
1 6 7 9 4549 
1 6 7 9 4550 
1 6 7 9 4551 
1 6 7 9 4553 
1 6 7 9 4554 
1 6 7 9 4555 
1 6 7 9 4557 
1 6 7 9 4558 
1 6 7 9 4559 
1 6 7 9 4562 
1 6 7 9 4563 
1 6 7 9 4566 
1 6 7 9 4567 
1 6 7 9 4570 
1 6 7 9 4571 
1 6 7 9 4574 
1 6 7 9 4575 
1 6 7 9 4577 
1 6 7 9 4579 
1 6 7 9 4581 
1 6 7 9 4583 
1 6 7 9 4585 
1 6 7 9 4587 
1 6 7 9 4589 
1 6 7 9 4591 
1 6 7 9 4609 
1 6 7 9 4611 
1 6 7 9 4612 
1 6 7 9 4613 
1 6 7 9 4614 
1 6 7 9 4615 
1 6 7 9 4616 
1 6 7 9 4617 
1 6 7 9 4618 
1 6 7 9 4619 
1 6 7 9 4620 
1 6 7 9 4621 
1 6 7 9 4622 
1 6 7 9 4623 
1 6 7 9 4625 
1 6 7 9 4627 
1 6 7 9 4628 
1 6 7 9 4629 
1 6 7 9 4630 
1 6 7 9 4631 
1 6 7 9 4632 
1 6 7 9 4633 
1 6 7 9 4634 
1 6 7 9 4635 
1 6 7 9 4636 
1 6 7 9 4637 
1 6 7 9 4638 
1 6 7 9 4639 
1 6 7 9 4640 
1 6 7 9 4641 
1 6 7 9 4642 
1 6 7 9 4643 
1 6 7 9 4644 
1 6 7 9 4645 
1 6 7 9 4646 
1 6 7 9 4647 
1 6 7 9 4648 
1 6 7 9 4649 
1 6 7 9 4650 
1 6 7 9 4651 
1 6 7 9 4652 
1 6 7 9 4653 
1 6 7 9 4654 
1 6 7 9 4655 
1 6 7 9 4656 
1 6 7 9 4657 
1 6 7 9 4658 
1 6 7 9 4659 
1 6 7 9 4660 
1 6 7 9 4661 
1 6 7 9 4662 
1 6 7 9 4663 
1 6 7 9 4664 
1 6 7 9 4665 
1 6 7 9 4666 
1 6 7 9 4667 
1 6 7 9 4668 
1 6 7 9 4669 
1 6 7 9 4670 
1 6 7 9 4671 
1 6 7 9 4672 
1 6 7 9 4673 
1 6 7 9 4674 
1 6 7 9 4675 
1 6 7 9 4676 
1 6 7 9 4677 
1 6 7 9 4678 
1 6 7 9 4679 
1 6 7 9 4680 
1 6 7 9 4681 
1 6 7 9 4682 
1 6 7 9 4683 
1 6 7 9 4684 
1 6 7 9 4685 
1 6 7 9 4686 
1 6 7 9 4687 
1 6 7 9 4688 
1 6 7 9 4689 
1 6 7 9 4690 
1 6 7 9 4691 
1 6 7 9 4692 
1 6 7 9 4693 
1 6 7 9 4694 
1 6 7 9 4695 
1 6 7 9 4696 
1 6 7 9 4697 
1 6 7 9 4698 
1 6 7 9 4699 
1 6 7 9 4700 
1 6 7 9 4701 
1 6 7 9 4702 
1 6 7 9 4703 
1 6 7 9 4704 
1 6 7 9 4705 
1 6 7 9 4706 
1 6 7 9 4707 
1 6 7 9 4708 
1 6 7 9 4709 
1 6 7 9 4710 
1 6 7 9 4711 
1 6 7 9 4712 
1 6 7 9 4713 
1 6 7 9 4714 
1 6 7 9 4715 
1 6 7 9 4716 
1 6 7 9 4717 
1 6 7 9 4718 
1 6 7 9 4719 
1 6 7 9 4720 
1 6 7 9 4721 
1 6 7 9 4722 
1 6 7 9 4723 
1 6 7 9 4724 
1 6 7 9 4725 
1 6 7 9 4726 
1 6 7 9 4727 
1 6 7 9 4728 
1 6 7 9 4729 
1 6 7 9 4730 
1 6 7 9 4731 
1 6 7 9 4732 
1 6 7 9 4733 
1 6 7 9 4734 
1 6 7 9 4735 
1 6 7 9 4736 
1 6 7 9 4737 
1 6 7 9 4738 
1 6 7 9 4739 
1 6 7 9 4740 
1 6 7 9 4741 
1 6 7 9 4742 
1 6 7 9 4743 
1 6 7 9 4744 
1 6 7 9 4745 
1 6 7 9 4746 
1 6 7 9 4747 
1 6 7 9 4748 
1 6 7 9 4749 
1 6 7 9 4750 
1 6 7 9 4751 
1 6 7 9 4752 
1 6 7 9 4753 
1 6 7 9 4754 
1 6 7 9 4755 
1 6 7 9 4756 
1 6 7 9 4757 
1 6 7 9 4758 
1 6 7 9 4759 
1 6 7 9 4760 
1 6 7 9 4761 
1 6 7 9 4762 
1 6 7 9 4763 
1 6 7 9 4764 
1 6 7 9 4765 
1 6 7 9 4766 
1 6 7 9 4767 
1 6 7 9 4768 
1 6 7 9 4769 
1 6 7 9 4770 
1 6 7 9 4771 
1 6 7 9 4772 
1 6 7 9 4773 
1 6 7 9 4774 
1 6 7 9 4775 
1 6 7 9 4776 
1 6 7 9 4777 
1 6 7 9 4778 
1 6 7 9 4779 
1 6 7 9 4780 
1 6 7 9 4781 
1 6 7 9 4782 
1 6 7 9 4783 
1 6 7 9 4784 
1 6 7 9 4785 
1 6 7 9 4786 
1 6 7 9 4787 
1 6 7 9 4788 
1 6 7 9 4789 
1 6 7 9 4790 
1 6 7 9 4791 
1 6 7 9 4792 
1 6 7 9 4793 
1 6 7 9 4794 
1 6 7 9 4795 
1 6 7 9 4796 
1 6 7 9 4797 
1 6 7 9 4798 
1 6 7 9 4799 
1 6 7 9 4800 
1 6 7 9 4801 
1 6 7 9 4802 
1 6 7 9 4803 
1 6 7 9 4804 
1 6 7 9 4805 
1 6 7 9 4806 
1 6 7 9 4807 
1 6 7 9 4808 
1 6 7 9 4809 
1 6 7 9 4810 
1 6 7 9 4811 
1 6 7 9 4812 
1 6 7 9 4813 
1 6 7 9 4814 
1 6 7 9 4815 
1 6 7 9 4816 
1 6 7 9 4817 
1 6 7 9 4818 
1 6 7 9 4819 
1 6 7 9 4820 
1 6 7 9 4821 
1 6 7 9 4822 
1 6 7 9 4823 
1 6 7 9 4824 
1 6 7 9 4825 
1 6 7 9 4826 
1 6 7 9 4827 
1 6 7 9 4828 
1 6 7 9 4829 
1 6 7 9 4830 
1 6 7 9 4831 
1 6 7 9 4832 
1 6 7 9 4833 
1 6 7 9 4834 
1 6 7 9 4835 
1 6 7 9 4836 
1 6 7 9 4837 
1 6 7 9 4838 
1 6 7 9 4839 
1 6 7 9 4840 
1 6 7 9 4841 
1 6 7 9 4842 
1 6 7 9 4843 
1 6 7 9 4844 
1 6 7 9 4845 
1 6 7 9 4846 
1 6 7 9 4847 
1 6 7 9 4848 
1 6 7 9 4849 
1 6 7 9 4850 
1 6 7 9 4851 
1 6 7 9 4852 
1 6 7 9 4853 
1 6 7 9 4854 
1 6 7 9 4855 
1 6 7 9 4856 
1 6 7 9 4857 
1 6 7 9 4858 
1 6 7 9 4859 
1 6 7 9 4860 
1 6 7 9 4861 
1 6 7 9 4862 
1 6 7 9 4863 
1 6 7 9 4868 
1 6 7 9 4869 
1 6 7 9 4870 
1 6 7 9 4871 
1 6 7 9 4872 
1 6 7 9 4873 
1 6 7 9 4874 
1 6 7 9 4875 
1 6 7 9 4876 
1 6 7 9 4877 
1 6 7 9 4878 
1 6 7 9 4879 
1 6 7 9 4884 
1 6 7 9 4885 
1 6 7 9 4886 
1 6 7 9 4887 
1 6 7 9 4888 
1 6 7 9 4889 
1 6 7 9 4890 
1 6 7 9 4891 
1 6 7 9 4892 
1 6 7 9 4893 
1 6 7 9 4894 
1 6 7 9 4895 
1 6 7 9 4896 
1 6 7 9 4897 
1 6 7 9 4898 
1 6 7 9 4899 
1 6 7 9 4900 
1 6 7 9 4901 
1 6 7 9 4902 
1 6 7 9 4903 
1 6 7 9 4904 
1 6 7 9 4905 
1 6 7 9 4906 
1 6 7 9 4907 
1 6 7 9 4908 
1 6 7 9 4909 
1 6 7 9 4910 
1 6 7 9 4911 
1 6 7 9 4912 
1 6 7 9 4913 
1 6 7 9 4914 
1 6 7 9 4915 
1 6 7 9 4916 
1 6 7 9 4917 
1 6 7 9 4918 
1 6 7 9 4919 
1 6 7 9 4920 
1 6 7 9 4921 
1 6 7 9 4922 
1 6 7 9 4923 
1 6 7 9 4924 
1 6 7 9 4925 
1 6 7 9 4926 
1 6 7 9 4927 
1 6 7 9 4928 
1 6 7 9 4929 
1 6 7 9 4930 
1 6 7 9 4931 
1 6 7 9 4932 
1 6 7 9 4933 
1 6 7 9 4934 
1 6 7 9 4935 
1 6 7 9 4936 
1 6 7 9 4937 
1 6 7 9 4938 
1 6 7 9 4939 
1 6 7 9 4940 
1 6 7 9 4941 
1 6 7 9 4942 
1 6 7 9 4943 
1 6 7 9 4944 
1 6 7 9 4945 
1 6 7 9 4946 
1 6 7 9 4947 
1 6 7 9 4948 
1 6 7 9 4949 
1 6 7 9 4950 
1 6 7 9 4951 
1 6 7 9 4952 
1 6 7 9 4953 
1 6 7 9 4954 
1 6 7 9 4955 
1 6 7 9 4956 
1 6 7 9 4957 
1 6 7 9 4958 
1 6 7 9 4959 
1 6 7 9 4960 
1 6 7 9 4961 
1 6 7 9 4962 
1 6 7 9 4963 
1 6 7 9 4964 
1 6 7 9 4965 
1 6 7 9 4966 
1 6 7 9 4967 
1 6 7 9 4968 
1 6 7 9 4969 
1 6 7 9 4970 
1 6 7 9 4971 
1 6 7 9 4972 
1 6 7 9 4973 
1 6 7 9 4974 
1 6 7 9 4975 
1 6 7 9 4976 
1 6 7 9 4977 
1 6 7 9 4978 
1 6 7 9 4979 
1 6 7 9 4980 
1 6 7 9 4981 
1 6 7 9 4982 
1 6 7 9 4983 
1 6 7 9 4984 
1 6 7 9 4985 
1 6 7 9 4986 
1 6 7 9 4987 
1 6 7 9 4988 
1 6 7 9 4989 
1 6 7 9 4990 
1 6 7 9 4991 
1 6 7 9 4992 
1 6 7 9 4993 
1 6 7 9 4994 
1 6 7 9 4995 
1 6 7 9 4996 
1 6 7 9 4997 
1 6 7 9 4998 
1 6 7 9 4999 
1 6 7 9 5000 
1 6 7 9 5001 
1 6 7 9 5002 
1 6 7 9 5003 
1 6 7 9 5004 
1 6 7 9 5005 
1 6 7 9 5006 
1 6 7 9 5007 
1 6 7 9 5008 
1 6 7 9 5009 
1 6 7 9 5010 
1 6 7 9 5011 
1 6 7 9 5012 
1 6 7 9 5013 
1 6 7 9 5014 
1 6 7 9 5015 
1 6 7 9 5016 
1 6 7 9 5017 
1 6 7 9 5018 
1 6 7 9 5019 
1 6 7 9 5020 
1 6 7 9 5021 
1 6 7 9 5022 
1 6 7 9 5023 
1 6 7 9 5024 
1 6 7 9 5025 
1 6 7 9 5026 
1 6 7 9 5027 
1 6 7 9 5028 
1 6 7 9 5029 
1 6 7 9 5030 
1 6 7 9 5031 
1 6 7 9 5032 
1 6 7 9 5033 
1 6 7 9 5034 
1 6 7 9 5035 
1 6 7 9 5036 
1 6 7 9 5037 
1 6 7 9 5038 
1 6 7 9 5039 
1 6 7 9 5040 
1 6 7 9 5041 
1 6 7 9 5042 
1 6 7 9 5043 
1 6 7 9 5044 
1 6 7 9 5045 
1 6 7 9 5046 
1 6 7 9 5047 
1 6 7 9 5048 
1 6 7 9 5049 
1 6 7 9 5050 
1 6 7 9 5051 
1 6 7 9 5052 
1 6 7 9 5053 
1 6 7 9 5054 
1 6 7 9 5055 
1 6 7 9 5056 
1 6 7 9 5057 
1 6 7 9 5058 
1 6 7 9 5059 
1 6 7 9 5060 
1 6 7 9 5061 
1 6 7 9 5062 
1 6 7 9 5063 
1 6 7 9 5064 
1 6 7 9 5065 
1 6 7 9 5066 
1 6 7 9 5067 
1 6 7 9 5068 
1 6 7 9 5069 
1 6 7 9 5070 
1 6 7 9 5071 
1 6 7 9 5072 
1 6 7 9 5073 
1 6 7 9 5074 
1 6 7 9 5075 
1 6 7 9 5076 
1 6 7 9 5077 
1 6 7 9 5078 
1 6 7 9 5079 
1 6 7 9 5080 
1 6 7 9 5081 
1 6 7 9 5082 
1 6 7 9 5083 
1 6 7 9 5084 
1 6 7 9 5085 
1 6 7 9 5086 
1 6 7 9 5087 
1 6 7 9 5088 
1 6 7 9 5089 
1 6 7 9 5090 
1 6 7 9 5091 
1 6 7 9 5092 
1 6 7 9 5093 
1 6 7 9 5094 
1 6 7 9 5095 
1 6 7 9 5096 
1 6 7 9 5097 
1 6 7 9 5098 
1 6 7 9 5099 
1 6 7 9 5100 
1 6 7 9 5101 
1 6 7 9 5102 
1 6 7 9 5103 
1 6 7 9 5104 
1 6 7 9 5105 
1 6 7 9 5106 
1 6 7 9 5107 
1 6 7 9 5108 
1 6 7 9 5109 
1 6 7 9 5110 
1 6 7 9 5111 
1 6 7 9 5112 
1 6 7 9 5113 
1 6 7 9 5114 
1 6 7 9 5115 
1 6 7 9 5116 
1 6 7 9 5117 
1 6 7 9 5118 
1 6 7 9 5119 
1 6 7 9 5121 
1 6 7 9 5122 
1 6 7 9 5123 
1 6 7 9 5125 
1 6 7 9 5126 
1 6 7 9 5127 
1 6 7 9 5128 
1 6 7 9 5129 
1 6 7 9 5130 
1 6 7 9 5131 
1 6 7 9 5132 
1 6 7 9 5133 
1 6 7 9 5134 
1 6 7 9 5135 
1 6 7 9 5137 
1 6 7 9 5138 
1 6 7 9 5139 
1 6 7 9 5141 
1 6 7 9 5142 
1 6 7 9 5143 
1 6 7 9 5144 
1 6 7 9 5145 
1 6 7 9 5146 
1 6 7 9 5147 
1 6 7 9 5148 
1 6 7 9 5149 
1 6 7 9 5150 
1 6 7 9 5151 
1 6 7 9 5152 
1 6 7 9 5153 
1 6 7 9 5154 
1 6 7 9 5155 
1 6 7 9 5156 
1 6 7 9 5157 
1 6 7 9 5158 
1 6 7 9 5159 
1 6 7 9 5160 
1 6 7 9 5161 
1 6 7 9 5162 
1 6 7 9 5163 
1 6 7 9 5164 
1 6 7 9 5165 
1 6 7 9 5166 
1 6 7 9 5167 
1 6 7 9 5168 
1 6 7 9 5169 
1 6 7 9 5170 
1 6 7 9 5171 
1 6 7 9 5172 
1 6 7 9 5173 
1 6 7 9 5174 
1 6 7 9 5175 
1 6 7 9 5176 
1 6 7 9 5177 
1 6 7 9 5178 
1 6 7 9 5179 
1 6 7 9 5180 
1 6 7 9 5181 
1 6 7 9 5182 
1 6 7 9 5183 
1 6 7 9 5184 
1 6 7 9 5185 
1 6 7 9 5186 
1 6 7 9 5187 
1 6 7 9 5188 
1 6 7 9 5189 
1 6 7 9 5190 
1 6 7 9 5191 
1 6 7 9 5192 
1 6 7 9 5193 
1 6 7 9 5194 
1 6 7 9 5195 
1 6 7 9 5196 
1 6 7 9 5197 
1 6 7 9 5198 
1 6 7 9 5199 
1 6 7 9 5200 
1 6 7 9 5201 
1 6 7 9 5202 
1 6 7 9 5203 
1 6 7 9 5204 
1 6 7 9 5205 
1 6 7 9 5206 
1 6 7 9 5207 
1 6 7 9 5208 
1 6 7 9 5209 
1 6 7 9 5210 
1 6 7 9 5211 
1 6 7 9 5212 
1 6 7 9 5213 
1 6 7 9 5214 
1 6 7 9 5215 
1 6 7 9 5216 
1 6 7 9 5217 
1 6 7 9 5218 
1 6 7 9 5219 
1 6 7 9 5220 
1 6 7 9 5221 
1 6 7 9 5222 
1 6 7 9 5223 
1 6 7 9 5224 
1 6 7 9 5225 
1 6 7 9 5226 
1 6 7 9 5227 
1 6 7 9 5228 
1 6 7 9 5229 
1 6 7 9 5230 
1 6 7 9 5231 
1 6 7 9 5232 
1 6 7 9 5233 
1 6 7 9 5234 
1 6 7 9 5235 
1 6 7 9 5236 
1 6 7 9 5237 
1 6 7 9 5238 
1 6 7 9 5239 
1 6 7 9 5240 
1 6 7 9 5241 
1 6 7 9 5242 
1 6 7 9 5243 
1 6 7 9 5244 
1 6 7 9 5245 
1 6 7 9 5246 
1 6 7 9 5247 
1 6 7 9 5248 
1 6 7 9 5249 
1 6 7 9 5250 
1 6 7 9 5251 
1 6 7 9 5252 
1 6 7 9 5253 
1 6 7 9 5254 
1 6 7 9 5255 
1 6 7 9 5256 
1 6 7 9 5257 
1 6 7 9 5258 
1 6 7 9 5259 
1 6 7 9 5260 
1 6 7 9 5261 
1 6 7 9 5262 
1 6 7 9 5263 
1 6 7 9 5264 
1 6 7 9 5265 
1 6 7 9 5266 
1 6 7 9 5267 
1 6 7 9 5268 
1 6 7 9 5269 
1 6 7 9 5270 
1 6 7 9 5271 
1 6 7 9 5272 
1 6 7 9 5273 
1 6 7 9 5274 
1 6 7 9 5275 
1 6 7 9 5276 
1 6 7 9 5277 
1 6 7 9 5278 
1 6 7 9 5279 
1 6 7 9 5280 
1 6 7 9 5281 
1 6 7 9 5282 
1 6 7 9 5283 
1 6 7 9 5284 
1 6 7 9 5285 
1 6 7 9 5286 
1 6 7 9 5287 
1 6 7 9 5288 
1 6 7 9 5289 
1 6 7 9 5290 
1 6 7 9 5291 
1 6 7 9 5292 
1 6 7 9 5293 
1 6 7 9 5294 
1 6 7 9 5295 
1 6 7 9 5296 
1 6 7 9 5297 
1 6 7 9 5298 
1 6 7 9 5299 
1 6 7 9 5300 
1 6 7 9 5301 
1 6 7 9 5302 
1 6 7 9 5303 
1 6 7 9 5304 
1 6 7 9 5305 
1 6 7 9 5306 
1 6 7 9 5307 
1 6 7 9 5308 
1 6 7 9 5309 
1 6 7 9 5310 
1 6 7 9 5311 
1 6 7 9 5312 
1 6 7 9 5313 
1 6 7 9 5314 
1 6 7 9 5315 
1 6 7 9 5316 
1 6 7 9 5317 
1 6 7 9 5318 
1 6 7 9 5319 
1 6 7 9 5320 
1 6 7 9 5321 
1 6 7 9 5322 
1 6 7 9 5323 
1 6 7 9 5324 
1 6 7 9 5325 
1 6 7 9 5326 
1 6 7 9 5327 
1 6 7 9 5328 
1 6 7 9 5329 
1 6 7 9 5330 
1 6 7 9 5331 
1 6 7 9 5332 
1 6 7 9 5333 
1 6 7 9 5334 
1 6 7 9 5335 
1 6 7 9 5336 
1 6 7 9 5337 
1 6 7 9 5338 
1 6 7 9 5339 
1 6 7 9 5340 
1 6 7 9 5341 
1 6 7 9 5342 
1 6 7 9 5343 
1 6 7 9 5344 
1 6 7 9 5345 
1 6 7 9 5346 
1 6 7 9 5347 
1 6 7 9 5348 
1 6 7 9 5349 
1 6 7 9 5350 
1 6 7 9 5351 
1 6 7 9 5352 
1 6 7 9 5353 
1 6 7 9 5354 
1 6 7 9 5355 
1 6 7 9 5356 
1 6 7 9 5357 
1 6 7 9 5358 
1 6 7 9 5359 
1 6 7 9 5360 
1 6 7 9 5361 
1 6 7 9 5362 
1 6 7 9 5363 
1 6 7 9 5364 
1 6 7 9 5365 
1 6 7 9 5366 
1 6 7 9 5367 
1 6 7 9 5368 
1 6 7 9 5369 
1 6 7 9 5370 
1 6 7 9 5371 
1 6 7 9 5372 
1 6 7 9 5373 
1 6 7 9 5374 
1 6 7 9 5375 
1 6 7 9 5378 
1 6 7 9 5379 
1 6 7 9 5382 
1 6 7 9 5383 
1 6 7 9 5384 
1 6 7 9 5385 
1 6 7 9 5386 
1 6 7 9 5387 
1 6 7 9 5388 
1 6 7 9 5389 
1 6 7 9 5390 
1 6 7 9 5391 
1 6 7 9 5394 
1 6 7 9 5395 
1 6 7 9 5398 
1 6 7 9 5399 
1 6 7 9 5400 
1 6 7 9 5401 
1 6 7 9 5402 
1 6 7 9 5403 
1 6 7 9 5404 
1 6 7 9 5405 
1 6 7 9 5406 
1 6 7 9 5407 
1 6 7 9 5408 
1 6 7 9 5409 
1 6 7 9 5410 
1 6 7 9 5411 
1 6 7 9 5412 
1 6 7 9 5413 
1 6 7 9 5414 
1 6 7 9 5415 
1 6 7 9 5416 
1 6 7 9 5417 
1 6 7 9 5418 
1 6 7 9 5419 
1 6 7 9 5420 
1 6 7 9 5421 
1 6 7 9 5422 
1 6 7 9 5423 
1 6 7 9 5424 
1 6 7 9 5425 
1 6 7 9 5426 
1 6 7 9 5427 
1 6 7 9 5428 
1 6 7 9 5429 
1 6 7 9 5430 
1 6 7 9 5431 
1 6 7 9 5432 
1 6 7 9 5433 
1 6 7 9 5434 
1 6 7 9 5435 
1 6 7 9 5436 
1 6 7 9 5437 
1 6 7 9 5438 
1 6 7 9 5439 
1 6 7 9 5440 
1 6 7 9 5441 
1 6 7 9 5442 
1 6 7 9 5443 
1 6 7 9 5444 
1 6 7 9 5445 
1 6 7 9 5446 
1 6 7 9 5447 
1 6 7 9 5448 
1 6 7 9 5449 
1 6 7 9 5450 
1 6 7 9 5451 
1 6 7 9 5452 
1 6 7 9 5453 
1 6 7 9 5454 
1 6 7 9 5455 
1 6 7 9 5456 
1 6 7 9 5457 
1 6 7 9 5458 
1 6 7 9 5459 
1 6 7 9 5460 
1 6 7 9 5461 
1 6 7 9 5462 
1 6 7 9 5463 
1 6 7 9 5464 
1 6 7 9 5465 
1 6 7 9 5466 
1 6 7 9 5467 
1 6 7 9 5468 
1 6 7 9 5469 
1 6 7 9 5470 
1 6 7 9 5471 
1 6 7 9 5472 
1 6 7 9 5473 
1 6 7 9 5474 
1 6 7 9 5475 
1 6 7 9 5476 
1 6 7 9 5477 
1 6 7 9 5478 
1 6 7 9 5479 
1 6 7 9 5480 
1 6 7 9 5481 
1 6 7 9 5482 
1 6 7 9 5483 
1 6 7 9 5484 
1 6 7 9 5485 
1 6 7 9 5486 
1 6 7 9 5487 
1 6 7 9 5488 
1 6 7 9 5489 
1 6 7 9 5490 
1 6 7 9 5491 
1 6 7 9 5492 
1 6 7 9 5493 
1 6 7 9 5494 
1 6 7 9 5495 
1 6 7 9 5496 
1 6 7 9 5497 
1 6 7 9 5498 
1 6 7 9 5499 
1 6 7 9 5500 
1 6 7 9 5501 
1 6 7 9 5502 
1 6 7 9 5503 
1 6 7 9 5504 
1 6 7 9 5505 
1 6 7 9 5506 
1 6 7 9 5507 
1 6 7 9 5508 
1 6 7 9 5509 
1 6 7 9 5510 
1 6 7 9 5511 
1 6 7 9 5512 
1 6 7 9 5513 
1 6 7 9 5514 
1 6 7 9 5515 
1 6 7 9 5516 
1 6 7 9 5517 
1 6 7 9 5518 
1 6 7 9 5519 
1 6 7 9 5520 
1 6 7 9 5521 
1 6 7 9 5522 
1 6 7 9 5523 
1 6 7 9 5524 
1 6 7 9 5525 
1 6 7 9 5526 
1 6 7 9 5527 
1 6 7 9 5528 
1 6 7 9 5529 
1 6 7 9 5530 
1 6 7 9 5531 
1 6 7 9 5532 
1 6 7 9 5533 
1 6 7 9 5534 
1 6 7 9 5535 
1 6 7 9 5536 
1 6 7 9 5537 
1 6 7 9 5538 
1 6 7 9 5539 
1 6 7 9 5540 
1 6 7 9 5541 
1 6 7 9 5542 
1 6 7 9 5543 
1 6 7 9 5544 
1 6 7 9 5545 
1 6 7 9 5546 
1 6 7 9 5547 
1 6 7 9 5548 
1 6 7 9 5549 
1 6 7 9 5550 
1 6 7 9 5551 
1 6 7 9 5552 
1 6 7 9 5553 
1 6 7 9 5554 
1 6 7 9 5555 
1 6 7 9 5556 
1 6 7 9 5557 
1 6 7 9 5558 
1 6 7 9 5559 
1 6 7 9 5560 
1 6 7 9 5561 
1 6 7 9 5562 
1 6 7 9 5563 
1 6 7 9 5564 
1 6 7 9 5565 
1 6 7 9 5566 
1 6 7 9 5567 
1 6 7 9 5568 
1 6 7 9 5569 
1 6 7 9 5570 
1 6 7 9 5571 
1 6 7 9 5572 
1 6 7 9 5573 
1 6 7 9 5574 
1 6 7 9 5575 
1 6 7 9 5576 
1 6 7 9 5577 
1 6 7 9 5578 
1 6 7 9 5579 
1 6 7 9 5580 
1 6 7 9 5581 
1 6 7 9 5582 
1 6 7 9 5583 
1 6 7 9 5584 
1 6 7 9 5585 
1 6 7 9 5586 
1 6 7 9 5587 
1 6 7 9 5588 
1 6 7 9 5589 
1 6 7 9 5590 
1 6 7 9 5591 
1 6 7 9 5592 
1 6 7 9 5593 
1 6 7 9 5594 
1 6 7 9 5595 
1 6 7 9 5596 
1 6 7 9 5597 
1 6 7 9 5598 
1 6 7 9 5599 
1 6 7 9 5600 
1 6 7 9 5601 
1 6 7 9 5602 
1 6 7 9 5603 
1 6 7 9 5604 
1 6 7 9 5605 
1 6 7 9 5606 
1 6 7 9 5607 
1 6 7 9 5608 
1 6 7 9 5609 
1 6 7 9 5610 
1 6 7 9 5611 
1 6 7 9 5612 
1 6 7 9 5613 
1 6 7 9 5614 
1 6 7 9 5615 
1 6 7 9 5616 
1 6 7 9 5617 
1 6 7 9 5618 
1 6 7 9 5619 
1 6 7 9 5620 
1 6 7 9 5621 
1 6 7 9 5622 
1 6 7 9 5623 
1 6 7 9 5624 
1 6 7 9 5625 
1 6 7 9 5626 
1 6 7 9 5627 
1 6 7 9 5628 
1 6 7 9 5629 
1 6 7 9 5630 
1 6 7 9 5631 
1 6 7 9 5633 
1 6 7 9 5635 
1 6 7 9 5637 
1 6 7 9 5639 
1 6 7 9 5640 
1 6 7 9 5641 
1 6 7 9 5642 
1 6 7 9 5643 
1 6 7 9 5644 
1 6 7 9 5645 
1 6 7 9 5646 
1 6 7 9 5647 
1 6 7 9 5649 
1 6 7 9 5651 
1 6 7 9 5653 
1 6 7 9 5655 
1 6 7 9 5656 
1 6 7 9 5657 
1 6 7 9 5658 
1 6 7 9 5659 
1 6 7 9 5660 
1 6 7 9 5661 
1 6 7 9 5662 
1 6 7 9 5663 
1 6 7 9 5664 
1 6 7 9 5665 
1 6 7 9 5666 
1 6 7 9 5667 
1 6 7 9 5668 
1 6 7 9 5669 
1 6 7 9 5670 
1 6 7 9 5671 
1 6 7 9 5672 
1 6 7 9 5673 
1 6 7 9 5674 
1 6 7 9 5675 
1 6 7 9 5676 
1 6 7 9 5677 
1 6 7 9 5678 
1 6 7 9 5679 
1 6 7 9 5680 
1 6 7 9 5681 
1 6 7 9 5682 
1 6 7 9 5683 
1 6 7 9 5684 
1 6 7 9 5685 
1 6 7 9 5686 
1 6 7 9 5687 
1 6 7 9 5688 
1 6 7 9 5689 
1 6 7 9 5690 
1 6 7 9 5691 
1 6 7 9 5692 
1 6 7 9 5693 
1 6 7 9 5694 
1 6 7 9 5695 
1 6 7 9 5696 
1 6 7 9 5697 
1 6 7 9 5698 
1 6 7 9 5699 
1 6 7 9 5700 
1 6 7 9 5701 
1 6 7 9 5702 
1 6 7 9 5703 
1 6 7 9 5704 
1 6 7 9 5705 
1 6 7 9 5706 
1 6 7 9 5707 
1 6 7 9 5708 
1 6 7 9 5709 
1 6 7 9 5710 
1 6 7 9 5711 
1 6 7 9 5712 
1 6 7 9 5713 
1 6 7 9 5714 
1 6 7 9 5715 
1 6 7 9 5716 
1 6 7 9 5717 
1 6 7 9 5718 
1 6 7 9 5719 
1 6 7 9 5720 
1 6 7 9 5721 
1 6 7 9 5722 
1 6 7 9 5723 
1 6 7 9 5724 
1 6 7 9 5725 
1 6 7 9 5726 
1 6 7 9 5727 
1 6 7 9 5728 
1 6 7 9 5729 
1 6 7 9 5730 
1 6 7 9 5731 
1 6 7 9 5732 
1 6 7 9 5733 
1 6 7 9 5734 
1 6 7 9 5735 
1 6 7 9 5736 
1 6 7 9 5737 
1 6 7 9 5738 
1 6 7 9 5739 
1 6 7 9 5740 
1 6 7 9 5741 
1 6 7 9 5742 
1 6 7 9 5743 
1 6 7 9 5744 
1 6 7 9 5745 
1 6 7 9 5746 
1 6 7 9 5747 
1 6 7 9 5748 
1 6 7 9 5749 
1 6 7 9 5750 
1 6 7 9 5751 
1 6 7 9 5752 
1 6 7 9 5753 
1 6 7 9 5754 
1 6 7 9 5755 
1 6 7 9 5756 
1 6 7 9 5757 
1 6 7 9 5758 
1 6 7 9 5759 
1 6 7 9 5760 
1 6 7 9 5761 
1 6 7 9 5762 
1 6 7 9 5763 
1 6 7 9 5764 
1 6 7 9 5765 
1 6 7 9 5766 
1 6 7 9 5767 
1 6 7 9 5768 
1 6 7 9 5769 
1 6 7 9 5770 
1 6 7 9 5771 
1 6 7 9 5772 
1 6 7 9 5773 
1 6 7 9 5774 
1 6 7 9 5775 
1 6 7 9 5776 
1 6 7 9 5777 
1 6 7 9 5778 
1 6 7 9 5779 
1 6 7 9 5780 
1 6 7 9 5781 
1 6 7 9 5782 
1 6 7 9 5783 
1 6 7 9 5784 
1 6 7 9 5785 
1 6 7 9 5786 
1 6 7 9 5787 
1 6 7 9 5788 
1 6 7 9 5789 
1 6 7 9 5790 
1 6 7 9 5791 
1 6 7 9 5792 
1 6 7 9 5793 
1 6 7 9 5794 
1 6 7 9 5795 
1 6 7 9 5796 
1 6 7 9 5797 
1 6 7 9 5798 
1 6 7 9 5799 
1 6 7 9 5800 
1 6 7 9 5801 
1 6 7 9 5802 
1 6 7 9 5803 
1 6 7 9 5804 
1 6 7 9 5805 
1 6 7 9 5806 
1 6 7 9 5807 
1 6 7 9 5808 
1 6 7 9 5809 
1 6 7 9 5810 
1 6 7 9 5811 
1 6 7 9 5812 
1 6 7 9 5813 
1 6 7 9 5814 
1 6 7 9 5815 
1 6 7 9 5816 
1 6 7 9 5817 
1 6 7 9 5818 
1 6 7 9 5819 
1 6 7 9 5820 
1 6 7 9 5821 
1 6 7 9 5822 
1 6 7 9 5823 
1 6 7 9 5824 
1 6 7 9 5825 
1 6 7 9 5826 
1 6 7 9 5827 
1 6 7 9 5828 
1 6 7 9 5829 
1 6 7 9 5830 
1 6 7 9 5831 
1 6 7 9 5832 
1 6 7 9 5833 
1 6 7 9 5834 
1 6 7 9 5835 
1 6 7 9 5836 
1 6 7 9 5837 
1 6 7 9 5838 
1 6 7 9 5839 
1 6 7 9 5840 
1 6 7 9 5841 
1 6 7 9 5842 
1 6 7 9 5843 
1 6 7 9 5844 
1 6 7 9 5845 
1 6 7 9 5846 
1 6 7 9 5847 
1 6 7 9 5848 
1 6 7 9 5849 
1 6 7 9 5850 
1 6 7 9 5851 
1 6 7 9 5852 
1 6 7 9 5853 
1 6 7 9 5854 
1 6 7 9 5855 
1 6 7 9 5856 
1 6 7 9 5857 
1 6 7 9 5858 
1 6 7 9 5859 
1 6 7 9 5860 
1 6 7 9 5861 
1 6 7 9 5862 
1 6 7 9 5863 
1 6 7 9 5864 
1 6 7 9 5865 
1 6 7 9 5866 
1 6 7 9 5867 
1 6 7 9 5868 
1 6 7 9 5869 
1 6 7 9 5870 
1 6 7 9 5871 
1 6 7 9 5872 
1 6 7 9 5873 
1 6 7 9 5874 
1 6 7 9 5875 
1 6 7 9 5876 
1 6 7 9 5877 
1 6 7 9 5878 
1 6 7 9 5879 
1 6 7 9 5880 
1 6 7 9 5881 
1 6 7 9 5882 
1 6 7 9 5883 
1 6 7 9 5884 
1 6 7 9 5885 
1 6 7 9 5886 
1 6 7 9 5887 
1 6 7 9 5896 
1 6 7 9 5897 
1 6 7 9 5898 
1 6 7 9 5899 
1 6 7 9 5900 
1 6 7 9 5901 
1 6 7 9 5902 
1 6 7 9 5903 
1 6 7 9 5912 
1 6 7 9 5913 
1 6 7 9 5914 
1 6 7 9 5915 
1 6 7 9 5916 
1 6 7 9 5917 
1 6 7 9 5918 
1 6 7 9 5919 
1 6 7 9 5920 
1 6 7 9 5921 
1 6 7 9 5922 
1 6 7 9 5923 
1 6 7 9 5924 
1 6 7 9 5925 
1 6 7 9 5926 
1 6 7 9 5927 
1 6 7 9 5928 
1 6 7 9 5929 
1 6 7 9 5930 
1 6 7 9 5931 
1 6 7 9 5932 
1 6 7 9 5933 
1 6 7 9 5934 
1 6 7 9 5935 
1 6 7 9 5936 
1 6 7 9 5937 
1 6 7 9 5938 
1 6 7 9 5939 
1 6 7 9 5940 
1 6 7 9 5941 
1 6 7 9 5942 
1 6 7 9 5943 
1 6 7 9 5944 
1 6 7 9 5945 
1 6 7 9 5946 
1 6 7 9 5947 
1 6 7 9 5948 
1 6 7 9 5949 
1 6 7 9 5950 
1 6 7 9 5951 
1 6 7 9 5952 
1 6 7 9 5953 
1 6 7 9 5954 
1 6 7 9 5955 
1 6 7 9 5956 
1 6 7 9 5957 
1 6 7 9 5958 
1 6 7 9 5959 
1 6 7 9 5960 
1 6 7 9 5961 
1 6 7 9 5962 
1 6 7 9 5963 
1 6 7 9 5964 
1 6 7 9 5965 
1 6 7 9 5966 
1 6 7 9 5967 
1 6 7 9 5968 
1 6 7 9 5969 
1 6 7 9 5970 
1 6 7 9 5971 
1 6 7 9 5972 
1 6 7 9 5973 
1 6 7 9 5974 
1 6 7 9 5975 
1 6 7 9 5976 
1 6 7 9 5977 
1 6 7 9 5978 
1 6 7 9 5979 
1 6 7 9 5980 
1 6 7 9 5981 
1 6 7 9 5982 
1 6 7 9 5983 
1 6 7 9 5984 
1 6 7 9 5985 
1 6 7 9 5986 
1 6 7 9 5987 
1 6 7 9 5988 
1 6 7 9 5989 
1 6 7 9 5990 
1 6 7 9 5991 
1 6 7 9 5992 
1 6 7 9 5993 
1 6 7 9 5994 
1 6 7 9 5995 
1 6 7 9 5996 
1 6 7 9 5997 
1 6 7 9 5998 
1 6 7 9 5999 
1 6 7 9 6000 
1 6 7 9 6001 
1 6 7 9 6002 
1 6 7 9 6003 
1 6 7 9 6004 
1 6 7 9 6005 
1 6 7 9 6006 
1 6 7 9 6007 
1 6 7 9 6008 
1 6 7 9 6009 
1 6 7 9 6010 
1 6 7 9 6011 
1 6 7 9 6012 
1 6 7 9 6013 
1 6 7 9 6014 
1 6 7 9 6015 
1 6 7 9 6016 
1 6 7 9 6017 
1 6 7 9 6018 
1 6 7 9 6019 
1 6 7 9 6020 
1 6 7 9 6021 
1 6 7 9 6022 
1 6 7 9 6023 
1 6 7 9 6024 
1 6 7 9 6025 
1 6 7 9 6026 
1 6 7 9 6027 
1 6 7 9 6028 
1 6 7 9 6029 
1 6 7 9 6030 
1 6 7 9 6031 
1 6 7 9 6032 
1 6 7 9 6033 
1 6 7 9 6034 
1 6 7 9 6035 
1 6 7 9 6036 
1 6 7 9 6037 
1 6 7 9 6038 
1 6 7 9 6039 
1 6 7 9 6040 
1 6 7 9 6041 
1 6 7 9 6042 
1 6 7 9 6043 
1 6 7 9 6044 
1 6 7 9 6045 
1 6 7 9 6046 
1 6 7 9 6047 
1 6 7 9 6048 
1 6 7 9 6049 
1 6 7 9 6050 
1 6 7 9 6051 
1 6 7 9 6052 
1 6 7 9 6053 
1 6 7 9 6054 
1 6 7 9 6055 
1 6 7 9 6056 
1 6 7 9 6057 
1 6 7 9 6058 
1 6 7 9 6059 
1 6 7 9 6060 
1 6 7 9 6061 
1 6 7 9 6062 
1 6 7 9 6063 
1 6 7 9 6064 
1 6 7 9 6065 
1 6 7 9 6066 
1 6 7 9 6067 
1 6 7 9 6068 
1 6 7 9 6069 
1 6 7 9 6070 
1 6 7 9 6071 
1 6 7 9 6072 
1 6 7 9 6073 
1 6 7 9 6074 
1 6 7 9 6075 
1 6 7 9 6076 
1 6 7 9 6077 
1 6 7 9 6078 
1 6 7 9 6079 
1 6 7 9 6080 
1 6 7 9 6081 
1 6 7 9 6082 
1 6 7 9 6083 
1 6 7 9 6084 
1 6 7 9 6085 
1 6 7 9 6086 
1 6 7 9 6087 
1 6 7 9 6088 
1 6 7 9 6089 
1 6 7 9 6090 
1 6 7 9 6091 
1 6 7 9 6092 
1 6 7 9 6093 
1 6 7 9 6094 
1 6 7 9 6095 
1 6 7 9 6096 
1 6 7 9 6097 
1 6 7 9 6098 
1 6 7 9 6099 
1 6 7 9 6100 
1 6 7 9 6101 
1 6 7 9 6102 
1 6 7 9 6103 
1 6 7 9 6104 
1 6 7 9 6105 
1 6 7 9 6106 
1 6 7 9 6107 
1 6 7 9 6108 
1 6 7 9 6109 
1 6 7 9 6110 
1 6 7 9 6111 
1 6 7 9 6112 
1 6 7 9 6113 
1 6 7 9 6114 
1 6 7 9 6115 
1 6 7 9 6116 
1 6 7 9 6117 
1 6 7 9 6118 
1 6 7 9 6119 
1 6 7 9 6120 
1 6 7 9 6121 
1 6 7 9 6122 
1 6 7 9 6123 
1 6 7 9 6124 
1 6 7 9 6125 
1 6 7 9 6126 
1 6 7 9 6127 
1 6 7 9 6128 
1 6 7 9 6129 
1 6 7 9 6130 
1 6 7 9 6131 
1 6 7 9 6132 
1 6 7 9 6133 
1 6 7 9 6134 
1 6 7 9 6135 
1 6 7 9 6136 
1 6 7 9 6137 
1 6 7 9 6138 
1 6 7 9 6139 
1 6 7 9 6140 
1 6 7 9 6141 
1 6 7 9 6142 
1 6 7 9 6143 
1 6 7 9 6145 
1 6 7 9 6146 
1 6 7 9 6147 
1 6 7 9 6148 
1 6 7 9 6149 
1 6 7 9 6150 
1 6 7 9 6151 
1 6 7 9 6153 
1 6 7 9 6154 
1 6 7 9 6155 
1 6 7 9 6156 
1 6 7 9 6157 
1 6 7 9 6158 
1 6 7 9 6159 
1 6 7 9 6161 
1 6 7 9 6162 
1 6 7 9 6163 
1 6 7 9 6164 
1 6 7 9 6165 
1 6 7 9 6166 
1 6 7 9 6167 
1 6 7 9 6169 
1 6 7 9 6170 
1 6 7 9 6171 
1 6 7 9 6172 
1 6 7 9 6173 
1 6 7 9 6174 
1 6 7 9 6175 
1 6 7 9 6176 
1 6 7 9 6177 
1 6 7 9 6178 
1 6 7 9 6179 
1 6 7 9 6180 
1 6 7 9 6181 
1 6 7 9 6182 
1 6 7 9 6183 
1 6 7 9 6184 
1 6 7 9 6185 
1 6 7 9 6186 
1 6 7 9 6187 
1 6 7 9 6188 
1 6 7 9 6189 
1 6 7 9 6190 
1 6 7 9 6191 
1 6 7 9 6192 
1 6 7 9 6193 
1 6 7 9 6194 
1 6 7 9 6195 
1 6 7 9 6196 
1 6 7 9 6197 
1 6 7 9 6198 
1 6 7 9 6199 
1 6 7 9 6200 
1 6 7 9 6201 
1 6 7 9 6202 
1 6 7 9 6203 
1 6 7 9 6204 
1 6 7 9 6205 
1 6 7 9 6206 
1 6 7 9 6207 
1 6 7 9 6208 
1 6 7 9 6209 
1 6 7 9 6210 
1 6 7 9 6211 
1 6 7 9 6212 
1 6 7 9 6213 
1 6 7 9 6214 
1 6 7 9 6215 
1 6 7 9 6216 
1 6 7 9 6217 
1 6 7 9 6218 
1 6 7 9 6219 
1 6 7 9 6220 
1 6 7 9 6221 
1 6 7 9 6222 
1 6 7 9 6223 
1 6 7 9 6224 
1 6 7 9 6225 
1 6 7 9 6226 
1 6 7 9 6227 
1 6 7 9 6228 
1 6 7 9 6229 
1 6 7 9 6230 
1 6 7 9 6231 
1 6 7 9 6232 
1 6 7 9 6233 
1 6 7 9 6234 
1 6 7 9 6235 
1 6 7 9 6236 
1 6 7 9 6237 
1 6 7 9 6238 
1 6 7 9 6239 
1 6 7 9 6240 
1 6 7 9 6241 
1 6 7 9 6242 
1 6 7 9 6243 
1 6 7 9 6244 
1 6 7 9 6245 
1 6 7 9 6246 
1 6 7 9 6247 
1 6 7 9 6248 
1 6 7 9 6249 
1 6 7 9 6250 
1 6 7 9 6251 
1 6 7 9 6252 
1 6 7 9 6253 
1 6 7 9 6254 
1 6 7 9 6255 
1 6 7 9 6256 
1 6 7 9 6257 
1 6 7 9 6258 
1 6 7 9 6259 
1 6 7 9 6260 
1 6 7 9 6261 
1 6 7 9 6262 
1 6 7 9 6263 
1 6 7 9 6264 
1 6 7 9 6265 
1 6 7 9 6266 
1 6 7 9 6267 
1 6 7 9 6268 
1 6 7 9 6269 
1 6 7 9 6270 
1 6 7 9 6271 
1 6 7 9 6272 
1 6 7 9 6273 
1 6 7 9 6274 
1 6 7 9 6275 
1 6 7 9 6276 
1 6 7 9 6277 
1 6 7 9 6278 
1 6 7 9 6279 
1 6 7 9 6280 
1 6 7 9 6281 
1 6 7 9 6282 
1 6 7 9 6283 
1 6 7 9 6284 
1 6 7 9 6285 
1 6 7 9 6286 
1 6 7 9 6287 
1 6 7 9 6288 
1 6 7 9 6289 
1 6 7 9 6290 
1 6 7 9 6291 
1 6 7 9 6292 
1 6 7 9 6293 
1 6 7 9 6294 
1 6 7 9 6295 
1 6 7 9 6296 
1 6 7 9 6297 
1 6 7 9 6298 
1 6 7 9 6299 
1 6 7 9 6300 
1 6 7 9 6301 
1 6 7 9 6302 
1 6 7 9 6303 
1 6 7 9 6304 
1 6 7 9 6305 
1 6 7 9 6306 
1 6 7 9 6307 
1 6 7 9 6308 
1 6 7 9 6309 
1 6 7 9 6310 
1 6 7 9 6311 
1 6 7 9 6312 
1 6 7 9 6313 
1 6 7 9 6314 
1 6 7 9 6315 
1 6 7 9 6316 
1 6 7 9 6317 
1 6 7 9 6318 
1 6 7 9 6319 
1 6 7 9 6320 
1 6 7 9 6321 
1 6 7 9 6322 
1 6 7 9 6323 
1 6 7 9 6324 
1 6 7 9 6325 
1 6 7 9 6326 
1 6 7 9 6327 
1 6 7 9 6328 
1 6 7 9 6329 
1 6 7 9 6330 
1 6 7 9 6331 
1 6 7 9 6332 
1 6 7 9 6333 
1 6 7 9 6334 
1 6 7 9 6335 
1 6 7 9 6336 
1 6 7 9 6337 
1 6 7 9 6338 
1 6 7 9 6339 
1 6 7 9 6340 
1 6 7 9 6341 
1 6 7 9 6342 
1 6 7 9 6343 
1 6 7 9 6344 
1 6 7 9 6345 
1 6 7 9 6346 
1 6 7 9 6347 
1 6 7 9 6348 
1 6 7 9 6349 
1 6 7 9 6350 
1 6 7 9 6351 
1 6 7 9 6352 
1 6 7 9 6353 
1 6 7 9 6354 
1 6 7 9 6355 
1 6 7 9 6356 
1 6 7 9 6357 
1 6 7 9 6358 
1 6 7 9 6359 
1 6 7 9 6360 
1 6 7 9 6361 
1 6 7 9 6362 
1 6 7 9 6363 
1 6 7 9 6364 
1 6 7 9 6365 
1 6 7 9 6366 
1 6 7 9 6367 
1 6 7 9 6368 
1 6 7 9 6369 
1 6 7 9 6370 
1 6 7 9 6371 
1 6 7 9 6372 
1 6 7 9 6373 
1 6 7 9 6374 
1 6 7 9 6375 
1 6 7 9 6376 
1 6 7 9 6377 
1 6 7 9 6378 
1 6 7 9 6379 
1 6 7 9 6380 
1 6 7 9 6381 
1 6 7 9 6382 
1 6 7 9 6383 
1 6 7 9 6384 
1 6 7 9 6385 
1 6 7 9 6386 
1 6 7 9 6387 
1 6 7 9 6388 
1 6 7 9 6389 
1 6 7 9 6390 
1 6 7 9 6391 
1 6 7 9 6392 
1 6 7 9 6393 
1 6 7 9 6394 
1 6 7 9 6395 
1 6 7 9 6396 
1 6 7 9 6397 
1 6 7 9 6398 
1 6 7 9 6399 
1 6 7 9 6402 
1 6 7 9 6403 
1 6 7 9 6404 
1 6 7 9 6405 
1 6 7 9 6406 
1 6 7 9 6407 
1 6 7 9 6410 
1 6 7 9 6411 
1 6 7 9 6412 
1 6 7 9 6413 
1 6 7 9 6414 
1 6 7 9 6415 
1 6 7 9 6418 
1 6 7 9 6419 
1 6 7 9 6420 
1 6 7 9 6421 
1 6 7 9 6422 
1 6 7 9 6423 
1 6 7 9 6426 
1 6 7 9 6427 
1 6 7 9 6428 
1 6 7 9 6429 
1 6 7 9 6430 
1 6 7 9 6431 
1 6 7 9 6432 
1 6 7 9 6433 
1 6 7 9 6434 
1 6 7 9 6435 
1 6 7 9 6436 
1 6 7 9 6437 
1 6 7 9 6438 
1 6 7 9 6439 
1 6 7 9 6440 
1 6 7 9 6441 
1 6 7 9 6442 
1 6 7 9 6443 
1 6 7 9 6444 
1 6 7 9 6445 
1 6 7 9 6446 
1 6 7 9 6447 
1 6 7 9 6448 
1 6 7 9 6449 
1 6 7 9 6450 
1 6 7 9 6451 
1 6 7 9 6452 
1 6 7 9 6453 
1 6 7 9 6454 
1 6 7 9 6455 
1 6 7 9 6456 
1 6 7 9 6457 
1 6 7 9 6458 
1 6 7 9 6459 
1 6 7 9 6460 
1 6 7 9 6461 
1 6 7 9 6462 
1 6 7 9 6463 
1 6 7 9 6464 
1 6 7 9 6465 
1 6 7 9 6466 
1 6 7 9 6467 
1 6 7 9 6468 
1 6 7 9 6469 
1 6 7 9 6470 
1 6 7 9 6471 
1 6 7 9 6472 
1 6 7 9 6473 
1 6 7 9 6474 
1 6 7 9 6475 
1 6 7 9 6476 
1 6 7 9 6477 
1 6 7 9 6478 
1 6 7 9 6479 
1 6 7 9 6480 
1 6 7 9 6481 
1 6 7 9 6482 
1 6 7 9 6483 
1 6 7 9 6484 
1 6 7 9 6485 
1 6 7 9 6486 
1 6 7 9 6487 
1 6 7 9 6488 
1 6 7 9 6489 
1 6 7 9 6490 
1 6 7 9 6491 
1 6 7 9 6492 
1 6 7 9 6493 
1 6 7 9 6494 
1 6 7 9 6495 
1 6 7 9 6496 
1 6 7 9 6497 
1 6 7 9 6498 
1 6 7 9 6499 
1 6 7 9 6500 
1 6 7 9 6501 
1 6 7 9 6502 
1 6 7 9 6503 
1 6 7 9 6504 
1 6 7 9 6505 
1 6 7 9 6506 
1 6 7 9 6507 
1 6 7 9 6508 
1 6 7 9 6509 
1 6 7 9 6510 
1 6 7 9 6511 
1 6 7 9 6512 
1 6 7 9 6513 
1 6 7 9 6514 
1 6 7 9 6515 
1 6 7 9 6516 
1 6 7 9 6517 
1 6 7 9 6518 
1 6 7 9 6519 
1 6 7 9 6520 
1 6 7 9 6521 
1 6 7 9 6522 
1 6 7 9 6523 
1 6 7 9 6524 
1 6 7 9 6525 
1 6 7 9 6526 
1 6 7 9 6527 
1 6 7 9 6528 
1 6 7 9 6529 
1 6 7 9 6530 
1 6 7 9 6531 
1 6 7 9 6532 
1 6 7 9 6533 
1 6 7 9 6534 
1 6 7 9 6535 
1 6 7 9 6536 
1 6 7 9 6537 
1 6 7 9 6538 
1 6 7 9 6539 
1 6 7 9 6540 
1 6 7 9 6541 
1 6 7 9 6542 
1 6 7 9 6543 
1 6 7 9 6544 
1 6 7 9 6545 
1 6 7 9 6546 
1 6 7 9 6547 
1 6 7 9 6548 
1 6 7 9 6549 
1 6 7 9 6550 
1 6 7 9 6551 
1 6 7 9 6552 
1 6 7 9 6553 
1 6 7 9 6554 
1 6 7 9 6555 
1 6 7 9 6556 
1 6 7 9 6557 
1 6 7 9 6558 
1 6 7 9 6559 
1 6 7 9 6560 
1 6 7 9 6561 
1 6 7 9 6562 
1 6 7 9 6563 
1 6 7 9 6564 
1 6 7 9 6565 
1 6 7 9 6566 
1 6 7 9 6567 
1 6 7 9 6568 
1 6 7 9 6569 
1 6 7 9 6570 
1 6 7 9 6571 
1 6 7 9 6572 
1 6 7 9 6573 
1 6 7 9 6574 
1 6 7 9 6575 
1 6 7 9 6576 
1 6 7 9 6577 
1 6 7 9 6578 
1 6 7 9 6579 
1 6 7 9 6580 
1 6 7 9 6581 
1 6 7 9 6582 
1 6 7 9 6583 
1 6 7 9 6584 
1 6 7 9 6585 
1 6 7 9 6586 
1 6 7 9 6587 
1 6 7 9 6588 
1 6 7 9 6589 
1 6 7 9 6590 
1 6 7 9 6591 
1 6 7 9 6592 
1 6 7 9 6593 
1 6 7 9 6594 
1 6 7 9 6595 
1 6 7 9 6596 
1 6 7 9 6597 
1 6 7 9 6598 
1 6 7 9 6599 
1 6 7 9 6600 
1 6 7 9 6601 
1 6 7 9 6602 
1 6 7 9 6603 
1 6 7 9 6604 
1 6 7 9 6605 
1 6 7 9 6606 
1 6 7 9 6607 
1 6 7 9 6608 
1 6 7 9 6609 
1 6 7 9 6610 
1 6 7 9 6611 
1 6 7 9 6612 
1 6 7 9 6613 
1 6 7 9 6614 
1 6 7 9 6615 
1 6 7 9 6616 
1 6 7 9 6617 
1 6 7 9 6618 
1 6 7 9 6619 
1 6 7 9 6620 
1 6 7 9 6621 
1 6 7 9 6622 
1 6 7 9 6623 
1 6 7 9 6624 
1 6 7 9 6625 
1 6 7 9 6626 
1 6 7 9 6627 
1 6 7 9 6628 
1 6 7 9 6629 
1 6 7 9 6630 
1 6 7 9 6631 
1 6 7 9 6632 
1 6 7 9 6633 
1 6 7 9 6634 
1 6 7 9 6635 
1 6 7 9 6636 
1 6 7 9 6637 
1 6 7 9 6638 
1 6 7 9 6639 
1 6 7 9 6640 
1 6 7 9 6641 
1 6 7 9 6642 
1 6 7 9 6643 
1 6 7 9 6644 
1 6 7 9 6645 
1 6 7 9 6646 
1 6 7 9 6647 
1 6 7 9 6648 
1 6 7 9 6649 
1 6 7 9 6650 
1 6 7 9 6651 
1 6 7 9 6652 
1 6 7 9 6653 
1 6 7 9 6654 
1 6 7 9 6655 
1 6 7 9 6657 
1 6 7 9 6659 
1 6 7 9 6660 
1 6 7 9 6661 
1 6 7 9 6662 
1 6 7 9 6663 
1 6 7 9 6665 
1 6 7 9 6667 
1 6 7 9 6668 
1 6 7 9 6669 
1 6 7 9 6670 
1 6 7 9 6671 
1 6 7 9 6673 
1 6 7 9 6675 
1 6 7 9 6676 
1 6 7 9 6677 
1 6 7 9 6678 
1 6 7 9 6679 
1 6 7 9 6681 
1 6 7 9 6683 
1 6 7 9 6684 
1 6 7 9 6685 
1 6 7 9 6686 
1 6 7 9 6687 
1 6 7 9 6688 
1 6 7 9 6689 
1 6 7 9 6690 
1 6 7 9 6691 
1 6 7 9 6692 
1 6 7 9 6693 
1 6 7 9 6694 
1 6 7 9 6695 
1 6 7 9 6696 
1 6 7 9 6697 
1 6 7 9 6698 
1 6 7 9 6699 
1 6 7 9 6700 
1 6 7 9 6701 
1 6 7 9 6702 
1 6 7 9 6703 
1 6 7 9 6704 
1 6 7 9 6705 
1 6 7 9 6706 
1 6 7 9 6707 
1 6 7 9 6708 
1 6 7 9 6709 
1 6 7 9 6710 
1 6 7 9 6711 
1 6 7 9 6712 
1 6 7 9 6713 
1 6 7 9 6714 
1 6 7 9 6715 
1 6 7 9 6716 
1 6 7 9 6717 
1 6 7 9 6718 
1 6 7 9 6719 
1 6 7 9 6720 
1 6 7 9 6721 
1 6 7 9 6722 
1 6 7 9 6723 
1 6 7 9 6724 
1 6 7 9 6725 
1 6 7 9 6726 
1 6 7 9 6727 
1 6 7 9 6728 
1 6 7 9 6729 
1 6 7 9 6730 
1 6 7 9 6731 
1 6 7 9 6732 
1 6 7 9 6733 
1 6 7 9 6734 
1 6 7 9 6735 
1 6 7 9 6736 
1 6 7 9 6737 
1 6 7 9 6738 
1 6 7 9 6739 
1 6 7 9 6740 
1 6 7 9 6741 
1 6 7 9 6742 
1 6 7 9 6743 
1 6 7 9 6744 
1 6 7 9 6745 
1 6 7 9 6746 
1 6 7 9 6747 
1 6 7 9 6748 
1 6 7 9 6749 
1 6 7 9 6750 
1 6 7 9 6751 
1 6 7 9 6752 
1 6 7 9 6753 
1 6 7 9 6754 
1 6 7 9 6755 
1 6 7 9 6756 
1 6 7 9 6757 
1 6 7 9 6758 
1 6 7 9 6759 
1 6 7 9 6760 
1 6 7 9 6761 
1 6 7 9 6762 
1 6 7 9 6763 
1 6 7 9 6764 
1 6 7 9 6765 
1 6 7 9 6766 
1 6 7 9 6767 
1 6 7 9 6768 
1 6 7 9 6769 
1 6 7 9 6770 
1 6 7 9 6771 
1 6 7 9 6772 
1 6 7 9 6773 
1 6 7 9 6774 
1 6 7 9 6775 
1 6 7 9 6776 
1 6 7 9 6777 
1 6 7 9 6778 
1 6 7 9 6779 
1 6 7 9 6780 
1 6 7 9 6781 
1 6 7 9 6782 
1 6 7 9 6783 
1 6 7 9 6784 
1 6 7 9 6785 
1 6 7 9 6786 
1 6 7 9 6787 
1 6 7 9 6788 
1 6 7 9 6789 
1 6 7 9 6790 
1 6 7 9 6791 
1 6 7 9 6792 
1 6 7 9 6793 
1 6 7 9 6794 
1 6 7 9 6795 
1 6 7 9 6796 
1 6 7 9 6797 
1 6 7 9 6798 
1 6 7 9 6799 
1 6 7 9 6800 
1 6 7 9 6801 
1 6 7 9 6802 
1 6 7 9 6803 
1 6 7 9 6804 
1 6 7 9 6805 
1 6 7 9 6806 
1 6 7 9 6807 
1 6 7 9 6808 
1 6 7 9 6809 
1 6 7 9 6810 
1 6 7 9 6811 
1 6 7 9 6812 
1 6 7 9 6813 
1 6 7 9 6814 
1 6 7 9 6815 
1 6 7 9 6816 
1 6 7 9 6817 
1 6 7 9 6818 
1 6 7 9 6819 
1 6 7 9 6820 
1 6 7 9 6821 
1 6 7 9 6822 
1 6 7 9 6823 
1 6 7 9 6824 
1 6 7 9 6825 
1 6 7 9 6826 
1 6 7 9 6827 
1 6 7 9 6828 
1 6 7 9 6829 
1 6 7 9 6830 
1 6 7 9 6831 
1 6 7 9 6832 
1 6 7 9 6833 
1 6 7 9 6834 
1 6 7 9 6835 
1 6 7 9 6836 
1 6 7 9 6837 
1 6 7 9 6838 
1 6 7 9 6839 
1 6 7 9 6840 
1 6 7 9 6841 
1 6 7 9 6842 
1 6 7 9 6843 
1 6 7 9 6844 
1 6 7 9 6845 
1 6 7 9 6846 
1 6 7 9 6847 
1 6 7 9 6848 
1 6 7 9 6849 
1 6 7 9 6850 
1 6 7 9 6851 
1 6 7 9 6852 
1 6 7 9 6853 
1 6 7 9 6854 
1 6 7 9 6855 
1 6 7 9 6856 
1 6 7 9 6857 
1 6 7 9 6858 
1 6 7 9 6859 
1 6 7 9 6860 
1 6 7 9 6861 
1 6 7 9 6862 
1 6 7 9 6863 
1 6 7 9 6864 
1 6 7 9 6865 
1 6 7 9 6866 
1 6 7 9 6867 
1 6 7 9 6868 
1 6 7 9 6869 
1 6 7 9 6870 
1 6 7 9 6871 
1 6 7 9 6872 
1 6 7 9 6873 
1 6 7 9 6874 
1 6 7 9 6875 
1 6 7 9 6876 
1 6 7 9 6877 
1 6 7 9 6878 
1 6 7 9 6879 
1 6 7 9 6880 
1 6 7 9 6881 
1 6 7 9 6882 
1 6 7 9 6883 
1 6 7 9 6884 
1 6 7 9 6885 
1 6 7 9 6886 
1 6 7 9 6887 
1 6 7 9 6888 
1 6 7 9 6889 
1 6 7 9 6890 
1 6 7 9 6891 
1 6 7 9 6892 
1 6 7 9 6893 
1 6 7 9 6894 
1 6 7 9 6895 
1 6 7 9 6896 
1 6 7 9 6897 
1 6 7 9 6898 
1 6 7 9 6899 
1 6 7 9 6900 
1 6 7 9 6901 
1 6 7 9 6902 
1 6 7 9 6903 
1 6 7 9 6904 
1 6 7 9 6905 
1 6 7 9 6906 
1 6 7 9 6907 
1 6 7 9 6908 
1 6 7 9 6909 
1 6 7 9 6910 
1 6 7 9 6911 
1 6 7 9 6916 
1 6 7 9 6917 
1 6 7 9 6918 
1 6 7 9 6919 
1 6 7 9 6924 
1 6 7 9 6925 
1 6 7 9 6926 
1 6 7 9 6927 
1 6 7 9 6932 
1 6 7 9 6933 
1 6 7 9 6934 
1 6 7 9 6935 
1 6 7 9 6940 
1 6 7 9 6941 
1 6 7 9 6942 
1 6 7 9 6943 
1 6 7 9 6944 
1 6 7 9 6945 
1 6 7 9 6946 
1 6 7 9 6947 
1 6 7 9 6948 
1 6 7 9 6949 
1 6 7 9 6950 
1 6 7 9 6951 
1 6 7 9 6952 
1 6 7 9 6953 
1 6 7 9 6954 
1 6 7 9 6955 
1 6 7 9 6956 
1 6 7 9 6957 
1 6 7 9 6958 
1 6 7 9 6959 
1 6 7 9 6960 
1 6 7 9 6961 
1 6 7 9 6962 
1 6 7 9 6963 
1 6 7 9 6964 
1 6 7 9 6965 
1 6 7 9 6966 
1 6 7 9 6967 
1 6 7 9 6968 
1 6 7 9 6969 
1 6 7 9 6970 
1 6 7 9 6971 
1 6 7 9 6972 
1 6 7 9 6973 
1 6 7 9 6974 
1 6 7 9 6975 
1 6 7 9 6976 
1 6 7 9 6977 
1 6 7 9 6978 
1 6 7 9 6979 
1 6 7 9 6980 
1 6 7 9 6981 
1 6 7 9 6982 
1 6 7 9 6983 
1 6 7 9 6984 
1 6 7 9 6985 
1 6 7 9 6986 
1 6 7 9 6987 
1 6 7 9 6988 
1 6 7 9 6989 
1 6 7 9 6990 
1 6 7 9 6991 
1 6 7 9 6992 
1 6 7 9 6993 
1 6 7 9 6994 
1 6 7 9 6995 
1 6 7 9 6996 
1 6 7 9 6997 
1 6 7 9 6998 
1 6 7 9 6999 
1 6 7 9 7000 
1 6 7 9 7001 
1 6 7 9 7002 
1 6 7 9 7003 
1 6 7 9 7004 
1 6 7 9 7005 
1 6 7 9 7006 
1 6 7 9 7007 
1 6 7 9 7008 
1 6 7 9 7009 
1 6 7 9 7010 
1 6 7 9 7011 
1 6 7 9 7012 
1 6 7 9 7013 
1 6 7 9 7014 
1 6 7 9 7015 
1 6 7 9 7016 
1 6 7 9 7017 
1 6 7 9 7018 
1 6 7 9 7019 
1 6 7 9 7020 
1 6 7 9 7021 
1 6 7 9 7022 
1 6 7 9 7023 
1 6 7 9 7024 
1 6 7 9 7025 
1 6 7 9 7026 
1 6 7 9 7027 
1 6 7 9 7028 
1 6 7 9 7029 
1 6 7 9 7030 
1 6 7 9 7031 
1 6 7 9 7032 
1 6 7 9 7033 
1 6 7 9 7034 
1 6 7 9 7035 
1 6 7 9 7036 
1 6 7 9 7037 
1 6 7 9 7038 
1 6 7 9 7039 
1 6 7 9 7040 
1 6 7 9 7041 
1 6 7 9 7042 
1 6 7 9 7043 
1 6 7 9 7044 
1 6 7 9 7045 
1 6 7 9 7046 
1 6 7 9 7047 
1 6 7 9 7048 
1 6 7 9 7049 
1 6 7 9 7050 
1 6 7 9 7051 
1 6 7 9 7052 
1 6 7 9 7053 
1 6 7 9 7054 
1 6 7 9 7055 
1 6 7 9 7056 
1 6 7 9 7057 
1 6 7 9 7058 
1 6 7 9 7059 
1 6 7 9 7060 
1 6 7 9 7061 
1 6 7 9 7062 
1 6 7 9 7063 
1 6 7 9 7064 
1 6 7 9 7065 
1 6 7 9 7066 
1 6 7 9 7067 
1 6 7 9 7068 
1 6 7 9 7069 
1 6 7 9 7070 
1 6 7 9 7071 
1 6 7 9 7072 
1 6 7 9 7073 
1 6 7 9 7074 
1 6 7 9 7075 
1 6 7 9 7076 
1 6 7 9 7077 
1 6 7 9 7078 
1 6 7 9 7079 
1 6 7 9 7080 
1 6 7 9 7081 
1 6 7 9 7082 
1 6 7 9 7083 
1 6 7 9 7084 
1 6 7 9 7085 
1 6 7 9 7086 
1 6 7 9 7087 
1 6 7 9 7088 
1 6 7 9 7089 
1 6 7 9 7090 
1 6 7 9 7091 
1 6 7 9 7092 
1 6 7 9 7093 
1 6 7 9 7094 
1 6 7 9 7095 
1 6 7 9 7096 
1 6 7 9 7097 
1 6 7 9 7098 
1 6 7 9 7099 
1 6 7 9 7100 
1 6 7 9 7101 
1 6 7 9 7102 
1 6 7 9 7103 
1 6 7 9 7104 
1 6 7 9 7105 
1 6 7 9 7106 
1 6 7 9 7107 
1 6 7 9 7108 
1 6 7 9 7109 
1 6 7 9 7110 
1 6 7 9 7111 
1 6 7 9 7112 
1 6 7 9 7113 
1 6 7 9 7114 
1 6 7 9 7115 
1 6 7 9 7116 
1 6 7 9 7117 
1 6 7 9 7118 
1 6 7 9 7119 
1 6 7 9 7120 
1 6 7 9 7121 
1 6 7 9 7122 
1 6 7 9 7123 
1 6 7 9 7124 
1 6 7 9 7125 
1 6 7 9 7126 
1 6 7 9 7127 
1 6 7 9 7128 
1 6 7 9 7129 
1 6 7 9 7130 
1 6 7 9 7131 
1 6 7 9 7132 
1 6 7 9 7133 
1 6 7 9 7134 
1 6 7 9 7135 
1 6 7 9 7136 
1 6 7 9 7137 
1 6 7 9 7138 
1 6 7 9 7139 
1 6 7 9 7140 
1 6 7 9 7141 
1 6 7 9 7142 
1 6 7 9 7143 
1 6 7 9 7144 
1 6 7 9 7145 
1 6 7 9 7146 
1 6 7 9 7147 
1 6 7 9 7148 
1 6 7 9 7149 
1 6 7 9 7150 
1 6 7 9 7151 
1 6 7 9 7152 
1 6 7 9 7153 
1 6 7 9 7154 
1 6 7 9 7155 
1 6 7 9 7156 
1 6 7 9 7157 
1 6 7 9 7158 
1 6 7 9 7159 
1 6 7 9 7160 
1 6 7 9 7161 
1 6 7 9 7162 
1 6 7 9 7163 
1 6 7 9 7164 
1 6 7 9 7165 
1 6 7 9 7166 
1 6 7 9 7167 
1 6 7 9 7169 
1 6 7 9 7170 
1 6 7 9 7171 
1 6 7 9 7173 
1 6 7 9 7174 
1 6 7 9 7175 
1 6 7 9 7177 
1 6 7 9 7178 
1 6 7 9 7179 
1 6 7 9 7181 
1 6 7 9 7182 
1 6 7 9 7183 
1 6 7 9 7185 
1 6 7 9 7186 
1 6 7 9 7187 
1 6 7 9 7189 
1 6 7 9 7190 
1 6 7 9 7191 
1 6 7 9 7193 
1 6 7 9 7194 
1 6 7 9 7195 
1 6 7 9 7197 
1 6 7 9 7198 
1 6 7 9 7199 
1 6 7 9 7200 
1 6 7 9 7201 
1 6 7 9 7202 
1 6 7 9 7203 
1 6 7 9 7204 
1 6 7 9 7205 
1 6 7 9 7206 
1 6 7 9 7207 
1 6 7 9 7208 
1 6 7 9 7209 
1 6 7 9 7210 
1 6 7 9 7211 
1 6 7 9 7212 
1 6 7 9 7213 
1 6 7 9 7214 
1 6 7 9 7215 
1 6 7 9 7216 
1 6 7 9 7217 
1 6 7 9 7218 
1 6 7 9 7219 
1 6 7 9 7220 
1 6 7 9 7221 
1 6 7 9 7222 
1 6 7 9 7223 
1 6 7 9 7224 
1 6 7 9 7225 
1 6 7 9 7226 
1 6 7 9 7227 
1 6 7 9 7228 
1 6 7 9 7229 
1 6 7 9 7230 
1 6 7 9 7231 
1 6 7 9 7232 
1 6 7 9 7233 
1 6 7 9 7234 
1 6 7 9 7235 
1 6 7 9 7236 
1 6 7 9 7237 
1 6 7 9 7238 
1 6 7 9 7239 
1 6 7 9 7240 
1 6 7 9 7241 
1 6 7 9 7242 
1 6 7 9 7243 
1 6 7 9 7244 
1 6 7 9 7245 
1 6 7 9 7246 
1 6 7 9 7247 
1 6 7 9 7248 
1 6 7 9 7249 
1 6 7 9 7250 
1 6 7 9 7251 
1 6 7 9 7252 
1 6 7 9 7253 
1 6 7 9 7254 
1 6 7 9 7255 
1 6 7 9 7256 
1 6 7 9 7257 
1 6 7 9 7258 
1 6 7 9 7259 
1 6 7 9 7260 
1 6 7 9 7261 
1 6 7 9 7262 
1 6 7 9 7263 
1 6 7 9 7264 
1 6 7 9 7265 
1 6 7 9 7266 
1 6 7 9 7267 
1 6 7 9 7268 
1 6 7 9 7269 
1 6 7 9 7270 
1 6 7 9 7271 
1 6 7 9 7272 
1 6 7 9 7273 
1 6 7 9 7274 
1 6 7 9 7275 
1 6 7 9 7276 
1 6 7 9 7277 
1 6 7 9 7278 
1 6 7 9 7279 
1 6 7 9 7280 
1 6 7 9 7281 
1 6 7 9 7282 
1 6 7 9 7283 
1 6 7 9 7284 
1 6 7 9 7285 
1 6 7 9 7286 
1 6 7 9 7287 
1 6 7 9 7288 
1 6 7 9 7289 
1 6 7 9 7290 
1 6 7 9 7291 
1 6 7 9 7292 
1 6 7 9 7293 
1 6 7 9 7294 
1 6 7 9 7295 
1 6 7 9 7296 
1 6 7 9 7297 
1 6 7 9 7298 
1 6 7 9 7299 
1 6 7 9 7300 
1 6 7 9 7301 
1 6 7 9 7302 
1 6 7 9 7303 
1 6 7 9 7304 
1 6 7 9 7305 
1 6 7 9 7306 
1 6 7 9 7307 
1 6 7 9 7308 
1 6 7 9 7309 
1 6 7 9 7310 
1 6 7 9 7311 
1 6 7 9 7312 
1 6 7 9 7313 
1 6 7 9 7314 
1 6 7 9 7315 
1 6 7 9 7316 
1 6 7 9 7317 
1 6 7 9 7318 
1 6 7 9 7319 
1 6 7 9 7320 
1 6 7 9 7321 
1 6 7 9 7322 
1 6 7 9 7323 
1 6 7 9 7324 
1 6 7 9 7325 
1 6 7 9 7326 
1 6 7 9 7327 
1 6 7 9 7328 
1 6 7 9 7329 
1 6 7 9 7330 
1 6 7 9 7331 
1 6 7 9 7332 
1 6 7 9 7333 
1 6 7 9 7334 
1 6 7 9 7335 
1 6 7 9 7336 
1 6 7 9 7337 
1 6 7 9 7338 
1 6 7 9 7339 
1 6 7 9 7340 
1 6 7 9 7341 
1 6 7 9 7342 
1 6 7 9 7343 
1 6 7 9 7344 
1 6 7 9 7345 
1 6 7 9 7346 
1 6 7 9 7347 
1 6 7 9 7348 
1 6 7 9 7349 
1 6 7 9 7350 
1 6 7 9 7351 
1 6 7 9 7352 
1 6 7 9 7353 
1 6 7 9 7354 
1 6 7 9 7355 
1 6 7 9 7356 
1 6 7 9 7357 
1 6 7 9 7358 
1 6 7 9 7359 
1 6 7 9 7360 
1 6 7 9 7361 
1 6 7 9 7362 
1 6 7 9 7363 
1 6 7 9 7364 
1 6 7 9 7365 
1 6 7 9 7366 
1 6 7 9 7367 
1 6 7 9 7368 
1 6 7 9 7369 
1 6 7 9 7370 
1 6 7 9 7371 
1 6 7 9 7372 
1 6 7 9 7373 
1 6 7 9 7374 
1 6 7 9 7375 
1 6 7 9 7376 
1 6 7 9 7377 
1 6 7 9 7378 
1 6 7 9 7379 
1 6 7 9 7380 
1 6 7 9 7381 
1 6 7 9 7382 
1 6 7 9 7383 
1 6 7 9 7384 
1 6 7 9 7385 
1 6 7 9 7386 
1 6 7 9 7387 
1 6 7 9 7388 
1 6 7 9 7389 
1 6 7 9 7390 
1 6 7 9 7391 
1 6 7 9 7392 
1 6 7 9 7393 
1 6 7 9 7394 
1 6 7 9 7395 
1 6 7 9 7396 
1 6 7 9 7397 
1 6 7 9 7398 
1 6 7 9 7399 
1 6 7 9 7400 
1 6 7 9 7401 
1 6 7 9 7402 
1 6 7 9 7403 
1 6 7 9 7404 
1 6 7 9 7405 
1 6 7 9 7406 
1 6 7 9 7407 
1 6 7 9 7408 
1 6 7 9 7409 
1 6 7 9 7410 
1 6 7 9 7411 
1 6 7 9 7412 
1 6 7 9 7413 
1 6 7 9 7414 
1 6 7 9 7415 
1 6 7 9 7416 
1 6 7 9 7417 
1 6 7 9 7418 
1 6 7 9 7419 
1 6 7 9 7420 
1 6 7 9 7421 
1 6 7 9 7422 
1 6 7 9 7423 
1 6 7 9 7426 
1 6 7 9 7427 
1 6 7 9 7430 
1 6 7 9 7431 
1 6 7 9 7434 
1 6 7 9 7435 
1 6 7 9 7438 
1 6 7 9 7439 
1 6 7 9 7442 
1 6 7 9 7443 
1 6 7 9 7446 
1 6 7 9 7447 
1 6 7 9 7450 
1 6 7 9 7451 
1 6 7 9 7454 
1 6 7 9 7455 
1 6 7 9 7456 
1 6 7 9 7457 
1 6 7 9 7458 
1 6 7 9 7459 
1 6 7 9 7460 
1 6 7 9 7461 
1 6 7 9 7462 
1 6 7 9 7463 
1 6 7 9 7464 
1 6 7 9 7465 
1 6 7 9 7466 
1 6 7 9 7467 
1 6 7 9 7468 
1 6 7 9 7469 
1 6 7 9 7470 
1 6 7 9 7471 
1 6 7 9 7472 
1 6 7 9 7473 
1 6 7 9 7474 
1 6 7 9 7475 
1 6 7 9 7476 
1 6 7 9 7477 
1 6 7 9 74